1681687397054 723.0 0
1681687397231 708.0 0
1681687397406 694.0 0
1681687397582 690.0 0
1681687397780 692.0 0
1681687397969 693.0 0
1681687398157 691.0 0
1681687398348 692.0 0
1681687398540 687.0 0
1681687398734 696.0 0
1681687398926 695.0 0
1681687399113 699.0 0
1681687399291 699.0 0
1681687399481 705.0 0
1681687399671 702.0 0
1681687399862 702.0 0
1681687400052 702.0 0
1681687400238 702.0 0
1681687400421 702.0 0
1681687400608 702.0 0
1681687400795 706.0 0
1681687400974 706.0 0
1681687401153 706.0 0
1681687401331 706.0 0
1681687401508 709.0 0
1681687401686 709.0 0
1681687401866 709.0 0
1681687402043 711.0 0
1681687402223 711.0 0
1681687402403 707.0 0
1681687402582 707.0 0
1681687402761 708.0 0
1681687402940 711.0 0
1681687403119 711.0 0
1681687403297 711.0 0
1681687403477 711.0 0
1681687403671 711.0 0
1681687403853 711.0 0
1681687404031 711.0 0
1681687404209 711.0 0
1681687404394 711.0 0
1681687404583 711.0 0
1681687404760 711.0 0
1681687404941 711.0 0
1681687405119 711.0 0
1681687405297 711.0 0
1681687405475 711.0 0
1681687405660 711.0 0
1681687405842 711.0 0
1681687406034 711.0 0
1681687406224 711.0 0
1681687406409 711.0 0
1681687406595 711.0 0
1681687406784 711.0 0
1681687406965 711.0 0
1681687407147 711.0 0
1681687407334 714.0 0
1681687407521 714.0 0
1681687407704 714.0 0
1681687407905 714.0 0
1681687408092 714.0 0
1681687429983 915.0 0
1681687430158 897.0 0
1681687430334 893.0 0
1681687430516 855.0 0
1681687430700 788.0 0
1681687430883 769.0 0
1681687431069 748.0 0
1681687431253 743.0 0
1681687431431 738.0 0
1681687431610 732.0 0
1681687431794 732.0 0
1681687431983 730.0 0
1681687432169 730.0 0
1681687432350 730.0 0
1681687432530 730.0 0
1681687432709 730.0 0
1681687432891 730.0 0
1681687433069 730.0 0
1681687433257 732.0 0
1681687433440 730.0 0
1681687433620 730.0 0
1681687433799 730.0 0
1681687433977 730.0 0
1681687434156 730.0 0
1681687434334 728.0 0
1681687434513 728.0 0
1681687434704 728.0 0
1681687434889 728.0 0
1681687435085 728.0 0
1681687435267 725.0 0
