1682048328709 0.0 0
1682048328754 0.9999697804450989 1
1682048328800 1.8617322444915771 2
1682048328846 2.757023811340332 3
1682048328894 3.662446975708008 4
1682048328942 4.4854583740234375 5
1682048328987 5.208332538604736 6
1682048329032 5.842709541320801 7
1682048329076 6.402708053588867 8
1682048329121 6.900061130523682 9
1682048329166 7.344017028808594 10
1682048329211 7.741913795471191 11
1682048329255 8.099687576293945 12
1682048329299 8.422226905822754 13
1682048329344 8.713616371154785 14
1682048329388 8.977313995361328 15
1682048329432 9.216293334960938 16
1682048329481 9.433115005493164 17
1682048329526 9.630019187927246 18
1682048329572 9.80897331237793 19
1682048329616 9.971710205078125 20
1682048329661 10.119781494140625 21
1682048329704 10.254560470581055 22
1682048329748 10.377275466918945 23
1682048329793 10.489034652709961 24
1682048329856 10.59083366394043 25
1682048329900 10.683574676513672 26
1682048329945 10.768067359924316 27
1682048329986 10.845046997070312 28
1682048330027 10.915186882019043 29
1682048330069 10.979090690612793 30
1682048330110 11.037317276000977 31
1682048330151 11.090362548828125 32
1682048330193 11.138687133789062 33
1682048330233 11.182713508605957 34
1682048330274 11.222817420959473 35
1682048330316 11.259344100952148 36
1682048330357 11.292598724365234 37
1682048330398 11.322869300842285 38
1682048330441 11.350425720214844 39
1682048330482 11.375506401062012 40
1682048330527 11.398335456848145 41
1682048330569 11.419110298156738 42
1682048330609 11.438009262084961 43
1682048330650 11.455196380615234 44
1682048330690 11.470827102661133 45
1682048330733 11.485045433044434 46
1682048330777 11.497968673706055 47
1682048330820 11.50971508026123 48
1682048330880 11.520392417907715 49
1682048330912 11.530099868774414 49
