1682536133491 0.2962074700257532 0
1682536134438 0.3380205201658868 0
1682536135382 0.35760887365373883 0
1682536136333 0.3685895117479454 0
1682536137297 0.37522901036403467 0
1682536138260 0.37937657311032963 0
1682536139224 0.3820168752632075 0
1682536140171 0.3837090523095845 0
1682536141109 0.3847778726100603 0
1682536142043 0.38541726743641436 0
1682536142978 0.38574687381856837 0
1682536143943 0.3858437529836842 0
1682536144923 0.3857604629354382 0
1682536145909 0.3855353430228099 0
1682536146908 0.3851979908124567 0
1682536147882 0.3847722662926678 0
1682536148833 0.38427785836548645 0
1682536149801 0.3837311546712384 0
1682536150747 0.38314574395371526 0
1682536151682 0.38253290636349013 0
1682536152613 0.38190185179231084 0
1682536153577 0.3812600562572709 0
1682536154523 0.3806134714322683 0
1682536155477 0.37996688391125355 0
1682536156449 0.37932399818386553 0
1682536157391 0.3786876893192864 0
1682536158364 0.37806014883195854 0
1682536159324 0.3774430351859732 0
1682536160304 0.3768374944169427 0
1682536161306 0.3762444475333907 0
