1682536132712 2590.6703186035156 0
1682536133681 2500.011260986328 0
1682536134621 2475.896194458008 0
1682536135568 2461.517868041992 0
1682536136528 2451.8357696533203 0
1682536137487 2444.9364166259766 0
1682536138446 2439.8579864501953 0
1682536139413 2436.034912109375 0
1682536140354 2433.102569580078 0
1682536141290 2430.8116607666016 0
1682536142223 2428.9891204833984 0
1682536143160 2427.513473510742 0
1682536144137 2426.299102783203 0
1682536145119 2425.284866333008 0
1682536146105 2424.426071166992 0
1682536147100 2423.689895629883 0
1682536148065 2423.0521697998047 0
1682536149021 2422.494125366211 0
1682536149982 2422.001693725586 0
1682536150929 2421.5635528564453 0
1682536151863 2421.170425415039 0
1682536152794 2420.815704345703 0
1682536153769 2420.4937286376953 0
1682536154709 2420.1996154785156 0
1682536155669 2419.9297637939453 0
1682536156631 2419.681106567383 0
1682536157574 2419.4508666992188 0
1682536158566 2419.237045288086 0
1682536159514 2419.037643432617 0
1682536160503 2418.8509826660156 0
