1682536133087 0.3905 0
1682536134055 0.4476666666666667 0
1682536134991 0.4745 0
1682536135947 0.47633333333333333 0
1682536136902 0.4673333333333333 0
1682536137860 0.4693333333333333 0
1682536138836 0.4661666666666667 0
1682536139786 0.47316666666666674 0
1682536140724 0.4776666666666667 0
1682536141660 0.48433333333333334 0
1682536142592 0.49016666666666664 0
1682536143542 0.44766666666666666 0
1682536144523 0.47733333333333333 0
1682536145501 0.4573333333333333 0
1682536146501 0.4791666666666667 0
1682536147484 0.4763333333333333 0
1682536148446 0.46749999999999997 0
1682536149412 0.4725000000000001 0
1682536150359 0.46883333333333344 0
1682536151299 0.46799999999999997 0
1682536152230 0.4745 0
1682536153174 0.47283333333333327 0
1682536154138 0.4653333333333333 0
1682536155091 0.46599999999999997 0
1682536156052 0.4618333333333333 0
1682536157006 0.4713333333333333 0
1682536157954 0.4623333333333333 0
1682536158938 0.4663333333333333 0
1682536159899 0.46316666666666667 0
1682536160901 0.46349999999999997 0
