1682536133470 0.393 0
1682536134418 0.44816666666666666 0
1682536135360 0.47433333333333333 0
1682536136312 0.48133333333333334 0
1682536137275 0.4626666666666666 0
1682536138239 0.4666666666666666 0
1682536139203 0.4788333333333334 0
1682536140150 0.4801666666666667 0
1682536141089 0.47533333333333333 0
1682536142023 0.4831666666666667 0
1682536142958 0.48383333333333334 0
1682536143922 0.46599999999999997 0
1682536144903 0.4693333333333334 0
1682536145889 0.4755 0
1682536146887 0.4726666666666666 0
1682536147861 0.4585000000000001 0
1682536148813 0.46 0
1682536149781 0.47783333333333333 0
1682536150727 0.4746666666666666 0
1682536151662 0.4726666666666666 0
1682536152593 0.461 0
1682536153556 0.4661666666666667 0
1682536154502 0.46716666666666673 0
1682536155455 0.4693333333333333 0
1682536156429 0.47000000000000003 0
1682536157369 0.472 0
1682536158340 0.4606666666666667 0
1682536159303 0.4641666666666666 0
1682536160283 0.4638333333333334 0
1682536161284 0.4721666666666666 0
