1681151927344 14057.769409179688 0
1681151928332 12505.748992919922 0
1681151929315 12268.06918334961 0
1681151930294 12131.808074951172 0
1681151931277 12038.714813232422 0
1681151932261 11969.420806884766 0
1681151933246 11914.855499267578 0
1681151934228 11870.197814941406 0
1681151935205 11832.365325927734 0
1681151936183 11799.17984008789 0
1681151937164 11769.383972167969 0
1681151938144 11742.66763305664 0
1681151939128 11718.814392089844 0
1681151940112 11697.606658935547 0
1681151941093 11678.737335205078 0
1681151942068 11661.740905761719 0
1681151943048 11646.40283203125 0
1681151944022 11633.616638183594 0
1681151945005 11622.739135742188 0
1681151945982 11612.664642333984 0
1681151946991 11603.321746826172 0
1681152290082 14204.070220947266 0
1681152291077 13507.243560791016 0
1681152292047 13326.268188476562 0
1681152293012 13192.779083251953 0
1681152293972 13085.727630615234 0
1681152294937 12996.245727539062 0
1681152295897 12919.414947509766 0
1681152296869 12852.12387084961 0
1681152297838 12792.195007324219 0
1681152298805 12737.985046386719 0
1681152299768 12688.293273925781 0
1681152300734 12642.364135742188 0
1681152301699 12599.830688476562 0
1681152302668 12560.499969482422 0
1681152303637 12524.203735351562 0
1681152304662 12490.716918945312 0
1681152305683 12459.781280517578 0
1681152306708 12431.130096435547 0
1681152307739 12404.518035888672 0
1681152308719 12379.718719482422 0
1681152309694 12356.534057617188 0
1681152310714 12334.793853759766 0
1681152311731 12314.345916748047 0
1681152312753 12295.062042236328 0
1681152313748 12276.829376220703 0
1681152314733 12259.55062866211 0
1681152315748 12243.136688232422 0
1681152316760 12227.517150878906 0
1681152317798 12212.624603271484 0
1681152318804 12198.40219116211 0
1681152335777 13876.156494140625 0
1681152336747 13245.24575805664 0
1681152337727 13006.372497558594 0
1681152338724 12843.786529541016 0
1681152339709 12719.866943359375 0
1681152340694 12620.88656616211 0
1681152341674 12539.895751953125 0
1681152342676 12472.20834350586 0
1681152343655 12414.528259277344 0
1681152344630 12364.53744506836 0
1681152345606 12320.605651855469 0
1681152346581 12281.548553466797 0
1681152347557 12246.487609863281 0
1681152348549 12214.755737304688 0
1681152349530 12185.832244873047 0
1681152350510 12159.311004638672 0
1681152351488 12134.858612060547 0
1681152352463 12112.208404541016 0
1681152353443 12091.142364501953 0
1681152354415 12071.474426269531 0
1681152355384 12053.047607421875 0
1681152356355 12035.736511230469 0
1681152357329 12019.42349243164 0
1681152358302 12004.014617919922 0
1681152359278 11989.449432373047 0
1681152360252 11975.732482910156 0
1681152361226 11962.688507080078 0
1681152362202 11950.26303100586 0
1681152363199 11938.408477783203 0
1681152364212 11927.082489013672 0
