1682457326696 0.37166666666666665 0
1682457327607 0.38399999999999995 0
1682457328526 0.36533333333333334 0
1682457329488 0.37516666666666665 0
1682457330523 0.37800000000000006 0
1682457331508 0.3675 0
1682457332467 0.3701666666666666 0
1682457333413 0.3873333333333333 0
1682457334379 0.42049999999999993 0
1682457335333 0.4091666666666667 0
1682457336304 0.4028333333333333 0
1682457337294 0.417 0
1682457338280 0.41583333333333333 0
1682457339251 0.4073333333333333 0
1682457340147 0.4055 0
1682457341018 0.4124999999999999 0
1682457341971 0.41250000000000003 0
1682457342838 0.4078333333333333 0
1682457343750 0.4146666666666667 0
1682457344691 0.414 0
1682457345636 0.40616666666666673 0
1682457346623 0.41816666666666663 0
1682457347589 0.42016666666666663 0
1682457348577 0.4085000000000001 0
1682457349453 0.41450000000000004 0
1682457350322 0.42050000000000004 0
1682457351192 0.4115 0
1682457352176 0.4165000000000001 0
1682457353096 0.4176666666666667 0
1682457354035 0.42333333333333334 0
