1682538529549 2615.782180786133 0
1682538530114 2530.7750549316406 1
1682538530680 2499.2753295898438 2
1682538531313 2481.117172241211 3
1682538531864 2468.6321716308594 4
1682538532417 2459.3370513916016 5
1682538532966 2452.1419830322266 6
1682538533545 2446.4562072753906 7
1682538534120 2441.905059814453 8
1682538534701 2438.2235260009766 9
1682538535269 2435.206573486328 10
1682538535822 2432.6888122558594 11
1682538536388 2430.5349884033203 12
1682538536941 2428.650909423828 13
1682538537519 2426.9932250976562 14
1682538538075 2425.5443115234375 15
1682538538652 2424.2833099365234 16
1682538539220 2423.1715087890625 17
1682538539780 2422.164581298828 18
1682538540329 2421.2264099121094 19
1682538540882 2420.341354370117 20
1682538541446 2419.5174560546875 21
1682538542003 2418.7704467773438 22
1682538542555 2418.1114196777344 23
1682538543123 2417.539337158203 24
1682538543692 2417.0462341308594 25
1682538544244 2416.6202697753906 26
1682538544806 2416.2498168945312 27
1682538545374 2415.9251861572266 28
1682538545940 2415.6377716064453 29
