1682538529909 0.3231666666666667 0
1682538530470 0.342 1
1682538531034 0.3715 2
1682538531662 0.37883333333333336 3
1682538532213 0.38766666666666666 4
1682538532764 0.39266666666666666 5
1682538533330 0.4155 6
1682538533900 0.3965 7
1682538534489 0.3986666666666667 8
1682538535051 0.4068333333333334 9
1682538535619 0.3988333333333333 10
1682538536181 0.4065000000000001 11
1682538536736 0.39916666666666667 12
1682538537309 0.43216666666666664 13
1682538537869 0.43850000000000006 14
1682538538434 0.45216666666666666 15
1682538539011 0.4585000000000001 16
1682538539577 0.4629999999999999 17
1682538540128 0.4736666666666667 18
1682538540677 0.4776666666666667 19
1682538541241 0.47300000000000003 20
1682538541797 0.4785 21
1682538542354 0.47433333333333333 22
1682538542911 0.4755 23
1682538543486 0.4748333333333333 24
1682538544042 0.46216666666666667 25
1682538544593 0.45249999999999996 26
1682538545164 0.46849999999999997 27
1682538545738 0.4643333333333333 28
1682538546291 0.4673333333333334 29
