1682535549048 0.40012156914909547 0
1682535549944 0.4328180828066539 0
1682535550847 0.4406260755148951 0
1682535551732 0.4398409905477043 0
1682535552629 0.4354974190542622 0
1682535553535 0.42975290906823294 0
1682535554505 0.4236686182396922 0
1682535555405 0.41778535205929324 0
1682535556325 0.4123630445045267 0
1682535557227 0.4074973447318638 0
1682535558139 0.40318852254475596 0
1682535559047 0.3993890939377603 0
1682535559946 0.3960365628772875 0
1682535560864 0.39307148965051253 0
1682535561780 0.3904437111013782 0
1682535562682 0.3881115855639802 0
1682535563567 0.38603916606865063 0
1682535564449 0.38419382813429737 0
1682535565356 0.38254538446142916 0
1682535566241 0.3810659287830249 0
1682535567121 0.3797302691949915 0
1682535568000 0.37851618464682557 0
1682535568879 0.37740457681790296 0
1682535569762 0.3763793371282878 0
1682535570642 0.3754270736833938 0
1682535571520 0.3745367478636595 0
1682535572401 0.37369932394712657 0
1682535573283 0.3729074333813853 0
1682535574160 0.37215510618916303 0
1682535575039 0.37143756432848607 0
