1682535548295 2586.691162109375 0
1682535549218 2508.3992767333984 0
1682535550103 2486.277618408203 0
1682535551004 2471.784896850586 0
1682535551899 2461.2747497558594 0
1682535552787 2453.4698028564453 0
1682535553778 2447.5641326904297 0
1682535554659 2443.008071899414 0
1682535555577 2439.435302734375 0
1682535556491 2436.5957641601562 0
1682535557394 2434.3082885742188 0
1682535558294 2432.4402618408203 0
1682535559211 2430.8932037353516 0
1682535560107 2429.595443725586 0
1682535561018 2428.4952392578125 0
1682535561940 2427.554946899414 0
1682535562836 2426.7440643310547 0
1682535563723 2426.0396118164062 0
1682535564605 2425.4225158691406 0
1682535565513 2424.8770751953125 0
1682535566395 2424.3912963867188 0
1682535567275 2423.954849243164 0
1682535568155 2423.5599670410156 0
1682535569036 2423.2000885009766 0
1682535569916 2422.8697052001953 0
1682535570795 2422.565399169922 0
1682535571676 2422.2828063964844 0
1682535572555 2422.0198669433594 0
1682535573437 2421.7737731933594 0
1682535574314 2421.5421142578125 0
