1682535548653 0.42366666666666664 0
1682535549573 0.5101666666666667 0
1682535550475 0.49233333333333335 0
1682535551358 0.48983333333333334 0
1682535552254 0.486 0
1682535553145 0.492 0
1682535554134 0.48666666666666664 0
1682535555014 0.4758333333333334 0
1682535555943 0.4918333333333333 0
1682535556850 0.49333333333333335 0
1682535557759 0.48966666666666664 0
1682535558662 0.4885 0
1682535559574 0.4888333333333333 0
1682535560479 0.4816666666666667 0
1682535561389 0.4791666666666667 0
1682535562307 0.4746666666666666 0
1682535563194 0.4681666666666666 0
1682535564078 0.46649999999999997 0
1682535564970 0.4698333333333333 0
1682535565868 0.4825 0
1682535566749 0.46866666666666673 0
1682535567629 0.47983333333333333 0
1682535568508 0.48066666666666674 0
1682535569390 0.47983333333333333 0
1682535570272 0.47433333333333333 0
1682535571150 0.4795 0
1682535572029 0.47000000000000003 0
1682535572908 0.4716666666666667 0
1682535573790 0.47550000000000003 0
1682535574668 0.4693333333333334 0
