1682535549027 0.43383333333333335 0
1682535549925 0.4976666666666667 0
1682535550828 0.4838333333333334 0
1682535551713 0.48966666666666664 0
1682535552611 0.4968333333333333 0
1682535553515 0.5041666666666667 0
1682535554486 0.4771666666666666 0
1682535555385 0.47966666666666663 0
1682535556306 0.48666666666666664 0
1682535557208 0.4851666666666667 0
1682535558120 0.4968333333333333 0
1682535559028 0.4885 0
1682535559928 0.48633333333333334 0
1682535560845 0.4843333333333333 0
1682535561761 0.4776666666666667 0
1682535562663 0.47333333333333333 0
1682535563549 0.47383333333333333 0
1682535564431 0.4761666666666667 0
1682535565324 0.482 0
1682535566222 0.4781666666666667 0
1682535567102 0.4718333333333333 0
1682535567981 0.45983333333333337 0
1682535568860 0.48116666666666674 0
1682535569743 0.47350000000000003 0
1682535570623 0.47733333333333333 0
1682535571501 0.4688333333333334 0
1682535572382 0.4795 0
1682535573265 0.4715 0
1682535574141 0.47916666666666674 0
1682535575021 0.4685000000000001 0
