1682541706769 0.28257630743649087 0
1682541707449 0.3250444150160088 1
1682541708112 0.3471158947173177 2
1682541708770 0.36047909995469596 3
1682541709446 0.3696073829240266 4
1682541710117 0.37657165234293793 5
1682541710784 0.38218939206115277 6
1682541711462 0.3867619201131879 7
1682541712155 0.39052148921825824 8
1682541712820 0.3936681426255708 9
1682541713510 0.39635165679569406 10
1682541714193 0.3986779760645721 11
1682541714868 0.40072186967683954 12
1682541715523 0.4025368799754131 13
1682541716177 0.4041624419655064 14
1682541716839 0.4056281094506986 15
1682541717495 0.4069566396558718 16
1682541718146 0.40816590075118164 17
1682541718811 0.4092701908364509 18
1682541719473 0.4102811348087019 19
1682541720131 0.41120836325140964 20
1682541720799 0.41205991667695474 21
1682541721462 0.4128426281572243 22
1682541722126 0.4135624368243065 23
1682541722786 0.4142241865641907 24
1682541723439 0.41483255239489414 25
1682541724106 0.4153913712759709 26
1682541724760 0.4159042351296669 27
1682541725426 0.416373928774759 28
1682541726083 0.41680358560341857 29
