1682541706299 2958.7300415039062 0
1682541706974 2766.983154296875 1
1682541707645 2699.190185546875 2
1682541708304 2658.042236328125 3
1682541708967 2628.4583435058594 4
1682541709655 2604.6802978515625 5
1682541710308 2584.8285522460938 6
1682541710980 2568.5369873046875 7
1682541711676 2555.313690185547 8
1682541712348 2544.4832763671875 9
1682541713028 2535.4585571289062 10
1682541713704 2527.8036193847656 11
1682541714396 2521.207305908203 12
1682541715062 2515.4451904296875 13
1682541715715 2510.3543395996094 14
1682541716374 2505.8115234375 15
1682541717035 2501.7236938476562 16
1682541717685 2498.0179748535156 17
1682541718341 2494.6371154785156 18
1682541719007 2491.5348205566406 19
1682541719668 2488.674041748047 20
1682541720325 2486.0234985351562 21
1682541720996 2483.5586853027344 22
1682541721658 2481.2574768066406 23
1682541722325 2479.1018676757812 24
1682541722976 2477.0764770507812 25
1682541723643 2475.1685791015625 26
1682541724297 2473.3667907714844 27
1682541724956 2471.6605224609375 28
1682541725623 2470.041778564453 29
