1682541706754 0.55375 0
1682541707433 0.5582499999999999 1
1682541708097 0.5585 2
1682541708754 0.55875 3
1682541709430 0.5636249999999999 4
1682541710101 0.5565 5
1682541710769 0.5577500000000001 6
1682541711445 0.556125 7
1682541712139 0.5579999999999999 8
1682541712804 0.55925 9
1682541713494 0.56125 10
1682541714176 0.5634999999999999 11
1682541714853 0.57 12
1682541715508 0.566 13
1682541716161 0.563375 14
1682541716824 0.56275 15
1682541717480 0.565125 16
1682541718130 0.5583750000000001 17
1682541718796 0.5665 18
1682541719457 0.560125 19
1682541720115 0.55925 20
1682541720782 0.56075 21
1682541721446 0.564375 22
1682541722110 0.558875 23
1682541722770 0.5606249999999999 24
1682541723423 0.56275 25
1682541724091 0.558625 26
1682541724745 0.565375 27
1682541725410 0.5563750000000001 28
1682541726067 0.55975 29
