1682082339145 0.0 0
1682082339205 0.9999581575393677 1
1682082339251 1.7944879531860352 2
1682082339294 2.5687222480773926 3
1682082339339 3.4284250736236572 4
1682082339383 4.248124122619629 5
1682082339431 4.9757843017578125 6
1682082339479 5.61596155166626 7
1682082339524 6.181511878967285 8
1682082339567 6.683926105499268 9
1682082339610 7.13244104385376 10
1682082339653 7.534440517425537 11
1682082339695 7.895911693572998 12
1682082339736 8.221787452697754 13
1682082339777 8.516194343566895 14
1682082339818 8.78262710571289 15
1682082339861 9.024084091186523 16
1682082339904 9.243157386779785 17
1682082339949 9.442108154296875 18
1682082339994 9.622922897338867 19
1682082340040 9.78735637664795 20
1682082340084 9.936969757080078 21
1682082340127 10.073152542114258 22
1682082340172 10.197147369384766 23
1682082340217 10.310072898864746 24
1682082340263 10.412936210632324 25
1682082340307 10.506646156311035 26
1682082340350 10.592022895812988 27
1682082340393 10.66981029510498 28
1682082340434 10.74068546295166 29
1682082340474 10.80526065826416 30
1682082340516 10.864093780517578 31
1682082340557 10.917692184448242 32
1682082340599 10.96651840209961 33
1682082340640 11.010993957519531 34
1682082340679 11.051502227783203 35
1682082340719 11.08839225769043 36
1682082340761 11.121981620788574 37
1682082340801 11.15256118774414 38
1682082340842 11.180397987365723 39
1682082340883 11.205734252929688 40
1682082340923 11.228792190551758 41
1682082340964 11.249773979187012 42
1682082341004 11.268861770629883 43
1682082341045 11.286224365234375 44
1682082341086 11.30201530456543 45
1682082341126 11.316376686096191 46
1682082341167 11.32943344116211 47
1682082341207 11.341302871704102 48
1682082341249 11.352091789245605 49
1682082341282 11.361898422241211 49
