1682082339167 0.0 0
1682082339219 0.9996254444122314 1
1682082339264 1.751137375831604 2
1682082339307 2.471027374267578 3
1682082339352 3.283921718597412 4
1682082339398 4.14475154876709 5
1682082339446 4.976808071136475 6
1682082339492 5.7450456619262695 7
1682082339537 6.44176721572876 8
1682082339580 7.0699357986450195 9
1682082339623 7.635691165924072 10
1682082339665 8.14561653137207 11
1682082339707 8.605849266052246 12
1682082339748 9.0218505859375 13
1682082339788 9.398402214050293 14
1682082339831 9.739675521850586 15
1682082339873 10.049314498901367 16
1682082339918 10.330513954162598 17
1682082339963 10.586087226867676 18
1682082340008 10.818521499633789 19
1682082340054 11.030025482177734 20
1682082340096 11.222569465637207 21
1682082340141 11.39791488647461 22
1682082340186 11.557642936706543 23
1682082340233 11.70317554473877 24
1682082340277 11.835795402526855 25
1682082340319 11.95666217803955 26
1682082340363 12.066825866699219 27
1682082340405 12.167237281799316 28
1682082340446 12.25876235961914 29
1682082340487 12.342185974121094 30
1682082340527 12.418222427368164 31
1682082340568 12.487523078918457 32
1682082340611 12.550680160522461 33
1682082340651 12.608235359191895 34
1682082340690 12.660679817199707 35
1682082340731 12.708464622497559 36
1682082340773 12.751996994018555 37
1682082340813 12.79165267944336 38
1682082340854 12.827773094177246 39
1682082340894 12.860671043395996 40
1682082340936 12.890630722045898 41
1682082340976 12.917912483215332 42
1682082341016 12.942752838134766 43
1682082341056 12.965368270874023 44
1682082341097 12.985957145690918 45
1682082341138 13.004700660705566 46
1682082341179 13.021761894226074 47
1682082341219 13.037291526794434 48
1682082341261 13.051426887512207 49
1682082341293 13.064292907714844 49
