1682082339171 0.0 0
1682082339222 -0.9996874928474426 1
1682082339266 -1.8281137943267822 2
1682082339309 -2.624382495880127 3
1682082339354 -3.497438430786133 4
1682082339401 -4.324883460998535 5
1682082339449 -5.057758331298828 6
1682082339495 -5.701940059661865 7
1682082339539 -6.270819187164307 8
1682082339583 -6.776108741760254 9
1682082339626 -7.2271552085876465 10
1682082339668 -7.63140869140625 11
1682082339709 -7.994899749755859 12
1682082339750 -8.322592735290527 13
1682082339791 -8.61863899230957 14
1682082339833 -8.886554718017578 15
1682082339876 -9.129354476928711 16
1682082339921 -9.349645614624023 17
1682082339965 -9.549702644348145 18
1682082340011 -9.731523513793945 19
1682082340056 -9.896872520446777 20
1682082340099 -10.047317504882812 21
1682082340144 -10.184256553649902 22
1682082340189 -10.308941841125488 23
1682082340235 -10.42249584197998 24
1682082340280 -10.525931358337402 25
1682082340322 -10.620162010192871 26
1682082340365 -10.706013679504395 27
1682082340408 -10.784235000610352 28
1682082340448 -10.855504989624023 29
1682082340489 -10.920439720153809 30
1682082340530 -10.979599952697754 31
1682082340571 -11.033495903015137 32
1682082340613 -11.082592010498047 33
1682082340653 -11.127311706542969 34
1682082340692 -11.168041229248047 35
1682082340734 -11.205131530761719 36
1682082340775 -11.238903999328613 37
1682082340815 -11.269651412963867 38
1682082340856 -11.297640800476074 39
1682082340896 -11.323116302490234 40
1682082340938 -11.34630012512207 41
1682082340978 -11.367395401000977 42
1682082341018 -11.386587142944336 43
1682082341059 -11.404045104980469 44
1682082341099 -11.419922828674316 45
1682082341141 -11.434361457824707 46
1682082341181 -11.447489738464355 47
1682082341221 -11.45942497253418 48
1682082341263 -11.470273971557617 49
1682082341295 -11.480134010314941 49
