1682082310064 78.88241153293185 1
1682082310609 79.6336407131619 2
1682082311151 79.90768093532986 3
1682082311695 80.02459462483723 4
1682082312236 80.11148240831163 5
1682082312779 80.1129379272461 6
1682082313323 80.11331346299913 7
1682082313867 80.11343383789062 8
1682082314410 80.11346944173177 9
1682082314952 80.11348470052083 10
1682082315495 80.11349317762587 11
1682082316037 80.11349487304688 12
1682082316579 80.1135025024414 13
1682082317121 80.11350335015192 14
1682082317668 80.1135016547309 15
1682082318828 80.11531999376085 17
