1682082330253 78.88241153293185 1
1682082330855 79.6336407131619 2
1682082331429 79.90768093532986 3
1682082331982 80.02459462483723 4
1682082332559 80.11148240831163 5
1682082333145 80.1129379272461 6
1682082333738 80.11331346299913 7
1682082334294 80.11343383789062 8
1682082334886 80.11346944173177 9
1682082335519 80.11348470052083 10
1682082336090 80.11349317762587 11
1682082336693 80.11349487304688 12
1682082337305 80.1135025024414 13
1682082337929 80.11350335015192 14
1682082338517 80.1135016547309 15
1682082341881 80.11349995930989 16
