1682457378979 0.23362475161650476 0
1682457379897 0.2909662135476916 0
1682457380804 0.3181497261514933 0
1682457381718 0.33373064116641993 0
1682457382632 0.34362873993208337 0
1682457383558 0.35025133797631824 0
1682457384473 0.35475963144048817 0
1682457385383 0.3578052374344617 0
1682457386280 0.35981703972596024 0
1682457387169 0.36112028327695855 0
1682457388065 0.3619828020787234 0
1682457388983 0.36262460991525813 0
1682457389884 0.36319999864917074 0
1682457390769 0.3637575526819684 0
1682457391650 0.3642270572944638 0
1682457392535 0.3644948324315688 0
1682457393416 0.3645015552991917 0
1682457394295 0.36426022339448705 0
1682457395175 0.36382286033533706 0
1682457396055 0.36325115659197416 0
1682457396934 0.3626015098708012 0
1682457397814 0.36191824421298724 0
1682457398694 0.3612325202246228 0
1682457399574 0.36056468916206774 0
1682457400455 0.359926809582482 0
1682457401336 0.3593257443806478 0
1682457402216 0.3587646344556715 0
1682457403095 0.3582443478486571 0
1682457403974 0.3577640121751176 0
1682457404854 0.35732202539354135 0
