1682039322806 78.88241153293185 1
1682039323341 79.6336407131619 2
1682039323874 79.90768093532986 3
1682039324410 80.02459462483723 4
1682039324944 80.11148240831163 5
1682039325507 80.1129379272461 6
1682039326092 80.11331346299913 7
1682039326691 80.11343383789062 8
1682039327307 80.11346944173177 9
1682039327917 80.11348470052083 10
1682039328534 80.11349317762587 11
1682039329137 80.11349487304688 12
1682039329691 80.1135025024414 13
1682039330334 80.11350335015192 14
1682039330940 80.1135016547309 15
1682039332166 80.11349995930989 16
