1682544032575 0.12332432923971748 0
1682544033297 0.15367876551481774 1
1682544034027 0.18367725145148686 2
1682544034770 0.21057733888718894 3
1682544035552 0.23276173434576847 4
1682544036297 0.2506263175166167 5
1682544037026 0.26509362721440144 6
1682544037776 0.27698895978486093 7
1682544038553 0.2869359064574432 8
1682544039295 0.2953868907671684 9
1682544040011 0.30266949446934865 10
1682544040720 0.3090235695242752 11
1682544041435 0.3146274335983345 12
1682544042146 0.3196158602898659 13
1682544042874 0.324092385912807 14
1682544043622 0.32813771688396204 15
1682544044331 0.3318156887019413 16
1682544045066 0.3351774738540832 17
1682544045777 0.33826451763152454 18
1682544046501 0.3411108676682726 19
1682544047208 0.34374475291438156 20
1682544047922 0.3461897588954817 21
1682544048630 0.3484658083400722 22
1682544049335 0.3505898600273113 23
1682544050044 0.3525764537164927 24
1682544050757 0.35443816462867384 25
1682544051470 0.35618593983599434 26
1682544052182 0.35782926450717767 27
1682544052892 0.3593765960256547 28
1682544053602 0.3608352735498979 29
