1682544032086 2904.6532592773438 0
1682544032819 2664.005615234375 1
1682544033556 2621.9275512695312 2
1682544034267 2593.04345703125 3
1682544035031 2571.9509887695312 4
1682544035800 2555.918426513672 5
1682544036551 2543.2928771972656 6
1682544037279 2533.0496520996094 7
1682544038035 2524.5382690429688 8
1682544038806 2517.3294372558594 9
1682544039539 2511.126983642578 10
1682544040246 2505.7208557128906 11
1682544040959 2500.957244873047 12
1682544041673 2496.7203979492188 13
1682544042385 2492.9205017089844 14
1682544043132 2489.488800048828 15
1682544043857 2486.3687744140625 16
1682544044583 2483.5166625976562 17
1682544045301 2480.89599609375 18
1682544046025 2478.4766235351562 19
1682544046736 2476.233428955078 20
1682544047448 2474.1459045410156 21
1682544048156 2472.1965942382812 22
1682544048865 2470.369659423828 23
1682544049573 2468.6532592773438 24
1682544050281 2467.035614013672 25
1682544050997 2465.5074462890625 26
1682544051709 2464.0604553222656 27
1682544052419 2462.687255859375 28
1682544053127 2461.3815307617188 29
