1682544032554 0.5215 0
1682544033277 0.520625 1
1682544034008 0.526375 2
1682544034747 0.5569999999999999 3
1682544035532 0.5645 4
1682544036275 0.5553750000000001 5
1682544037007 0.560625 6
1682544037755 0.556375 7
1682544038532 0.5586249999999999 8
1682544039275 0.556 9
1682544039992 0.5558749999999999 10
1682544040700 0.556 11
1682544041415 0.56175 12
1682544042126 0.5642499999999999 13
1682544042854 0.558875 14
1682544043602 0.561375 15
1682544044311 0.5598749999999999 16
1682544045046 0.5527500000000001 17
1682544045757 0.5586249999999999 18
1682544046482 0.5503750000000001 19
1682544047189 0.5567500000000001 20
1682544047902 0.5529999999999999 21
1682544048611 0.55825 22
1682544049315 0.5525 23
1682544050025 0.5546249999999999 24
1682544050738 0.558 25
1682544051450 0.559 26
1682544052162 0.5663750000000001 27
1682544052872 0.557625 28
1682544053582 0.5575 29
