1682536268296 0.40119335532302136 0
1682536269256 0.4391078599729596 0
1682536270193 0.4499031904020927 0
1682536271127 0.45143174801783653 0
1682536272052 0.4489220837214175 0
1682536272992 0.4441639645838232 0
1682536273945 0.43810143165425697 0
1682536274869 0.43145225889719563 0
1682536275792 0.42472372784829565 0
1682536276749 0.4182386215325906 0
1682536277690 0.4121955465104881 0
1682536278639 0.40671327521358347 0
1682536279583 0.40185436252185786 0
1682536280512 0.3976358467702713 0
1682536281439 0.3940348647883795 0
1682536282368 0.3909948358904959 0
1682536283310 0.3884356791699328 0
1682536284258 0.3862673912232589 0
1682536285184 0.38440315289705085 0
1682536286113 0.3827683753327874 0
1682536287034 0.3813043432786639 0
1682536287960 0.3799675578107192 0
1682536288890 0.378727318621192 0
1682536289823 0.3775624798025775 0
1682536290747 0.3764587810679917 0
1682536291676 0.3754066040975519 0
1682536292599 0.37439962344778965 0
1682536293526 0.37343339685845767 0
1682536294454 0.37250503222177384 0
1682536295382 0.3716122713907428 0
