1682536267528 2641.0655822753906 0
1682536268478 2533.8760681152344 0
1682536269448 2509.1702880859375 0
1682536270382 2493.99755859375 0
1682536271307 2482.3438262939453 0
1682536272233 2472.450439453125 0
1682536273187 2463.903106689453 0
1682536274126 2456.6300659179688 0
1682536275053 2450.4935150146484 0
1682536275975 2445.309036254883 0
1682536276930 2440.915557861328 0
1682536277877 2437.1915893554688 0
1682536278819 2434.0450897216797 0
1682536279766 2431.401412963867 0
1682536280694 2429.1932678222656 0
1682536281620 2427.3558044433594 0
1682536282548 2425.8275451660156 0
1682536283500 2424.551803588867 0
1682536284440 2423.479278564453 0
1682536285364 2422.5696411132812 0
1682536286293 2421.790756225586 0
1682536287216 2421.117462158203 0
1682536288142 2420.5299682617188 0
1682536289072 2420.0135345458984 0
1682536290004 2419.5555725097656 0
1682536290927 2419.146728515625 0
1682536291855 2418.77978515625 0
1682536292780 2418.448699951172 0
1682536293708 2418.147918701172 0
1682536294632 2417.8739624023438 0
