1682536267913 0.42416666666666664 0
1682536268850 0.4661666666666666 0
1682536269815 0.4721666666666666 0
1682536270746 0.4746666666666666 0
1682536271671 0.48133333333333334 0
1682536272600 0.47233333333333327 0
1682536273556 0.45883333333333337 0
1682536274490 0.4616666666666666 0
1682536275414 0.4573333333333333 0
1682536276353 0.44250000000000006 0
1682536277309 0.45483333333333337 0
1682536278258 0.45533333333333337 0
1682536279186 0.44999999999999996 0
1682536280130 0.43583333333333335 0
1682536281061 0.44983333333333336 0
1682536281986 0.43916666666666665 0
1682536282918 0.45166666666666666 0
1682536283879 0.44549999999999995 0
1682536284804 0.43716666666666665 0
1682536285734 0.4071666666666667 0
1682536286656 0.3985 0
1682536287581 0.4366666666666667 0
1682536288510 0.4053333333333333 0
1682536289442 0.40149999999999997 0
1682536290367 0.39966666666666667 0
1682536291294 0.4101666666666666 0
1682536292219 0.3988333333333334 0
1682536293146 0.40416666666666673 0
1682536294075 0.43166666666666664 0
1682536295003 0.434 0
