1682536268276 0.4368333333333334 0
1682536269233 0.4666666666666666 0
1682536270174 0.47350000000000003 0
1682536271106 0.47300000000000003 0
1682536272032 0.47750000000000004 0
1682536272972 0.47433333333333333 0
1682536273924 0.4629999999999999 0
1682536274849 0.4673333333333334 0
1682536275772 0.44766666666666666 0
1682536276729 0.45783333333333337 0
1682536277670 0.46 0
1682536278618 0.45283333333333325 0
1682536279562 0.43516666666666665 0
1682536280491 0.44666666666666677 0
1682536281419 0.4318333333333333 0
1682536282348 0.4455 0
1682536283290 0.4341666666666666 0
1682536284238 0.4343333333333333 0
1682536285164 0.431 0
1682536286093 0.4213333333333333 0
1682536287014 0.408 0
1682536287940 0.4276666666666667 0
1682536288869 0.4216666666666667 0
1682536289803 0.416 0
1682536290727 0.3996666666666666 0
1682536291655 0.3928333333333333 0
1682536292579 0.40700000000000003 0
1682536293507 0.40299999999999997 0
1682536294434 0.44166666666666665 0
1682536295362 0.43683333333333335 0
