1681687494110 0.19978117991126784 0
1681687494282 0.24528873134622092 0
1681687494463 0.2682836855474879 0
1681687494648 0.2826813021530312 0
1681687494828 0.2928487259592047 0
1681687495003 0.30054350095053295 0
1681687495178 0.3066087529943209 0
1681687495354 0.31151327511585303 0
1681687495530 0.31554966560494824 0
1681687495706 0.3189157927532817 0
1681687495881 0.3217527719992678 0
1681687496056 0.3241647371047852 0
1681687496232 0.326230544742543 0
1681687496418 0.32801099394067446 0
1681687496600 0.32955371181380577 0
1681687496788 0.33089650087318834 0
1681687496968 0.332069750762393 0
1681687497143 0.33309813993637016 0
1681687497319 0.33400189202078917 0
1681687497494 0.3347977523531119 0
1681687497670 0.33549972207520073 0
1681687497846 0.33611940653115746 0
1681687498023 0.33666682202148324 0
1681687498202 0.3371504425126828 0
1681687498378 0.3375775132610982 0
1681687498555 0.3379542846079713 0
1681687498741 0.3382861360331261 0
1681687498918 0.33857777583973103 0
1681687499095 0.3388333453960892 0
1681687499270 0.33905652892157334 0
1681687602408 0.2790829122635482 0
1681687602581 0.3298419476406147 0
1681687602753 0.35307001772831387 0
1681687602927 0.36602068832709517 0
1681687603101 0.37406992183578247 0
1681687603280 0.3793260632440816 0
1681687603464 0.3827279731326495 0
1681687603654 0.38475099116192607 0
1681687603832 0.38572318385729903 0
1681687604023 0.38596183725691513 0
1681687604208 0.3857575448181573 0
1681687604384 0.3853163314890441 0
1681687604563 0.3847558542510545 0
1681687604742 0.38413558635635453 0
1681687604926 0.3834842539401775 0
1681687605103 0.3828158430038098 0
1681687605279 0.3821373478443155 0
1681687605462 0.3814528418482116 0
1681687605638 0.38076495225694235 0
1681687605815 0.3800755479678886 0
1681687606001 0.3793864570682756 0
1681687606179 0.37869918199663494 0
1681687606356 0.3780152445417861 0
1681687606532 0.37733575689285304 0
1681687606713 0.376662296254926 0
1681687606892 0.37599566175863575 0
1681687607069 0.3753371340551366 0
1681687607246 0.37468757258968 0
1681687607424 0.374047890434744 0
1681687607600 0.37341843422650833 0
1681687654195 0.27183547211748194 0
1681687654376 0.2920559503181588 0
1681687654559 0.30249525689273926 0
1681687654740 0.30950067644584145 0
1681687654919 0.3148950137417048 0
1681687655118 0.319346963120633 0
1681687655311 0.32313794896690573 0
1681687655498 0.3264050595743414 0
1681687655689 0.32923037632193863 0
1681687655875 0.3316744575984318 0
1681687656058 0.33378794997473143 0
1681687656241 0.335615132918183 0
1681687656424 0.33719490139781083 0
1681687656606 0.33856102245880754 0
1681687656799 0.3397427156557672 0
1681687656983 0.3407648896403676 0
1681687657159 0.3416488094378227 0
1681687657334 0.3424125597578353 0
1681687657514 0.34307155057602323 0
1681687657702 0.34363896264470084 0
1681687657882 0.3441258939011165 0
1681687658063 0.3445419939369331 0
1681687658248 0.34489558218666827 0
1681687658425 0.3451938538833715 0
1681687658600 0.3454428479377373 0
1681687658782 0.3456481055689671 0
1681687658958 0.34581429291771704 0
1681687659136 0.34594563411419904 0
1681687659313 0.3460454986716019 0
1681687659489 0.346117489872133 0
1681689129558 0.3474236281296581 0
1681689129737 0.3861366616510825 0
1681689129913 0.4005479097225959 0
1681689130088 0.4067823733126976 0
1681689130273 0.4093835142447715 0
1681689130458 0.41017272226879675 0
1681689130643 0.4100106073787656 0
1681689130829 0.40933353779686943 0
1681689131006 0.40837251063086966 0
1681689131181 0.40725438648656237 0
1681689131355 0.4060512749638383 0
1681689131529 0.4048054347357009 0
1681689131705 0.4035423790071475 0
1681689131880 0.4022777361684522 0
1681689132057 0.40102129444642004 0
1681689132234 0.39977914854197516 0
1681689132413 0.39855510836918207 0
1681689132591 0.39735150752373427 0
1681689132768 0.39616959333904495 0
1681689132946 0.3950102028679341 0
1681689133122 0.3938735405634261 0
1681689133299 0.39275946978788745 0
1681689133476 0.3916679688950504 0
1681689133652 0.3905987311640374 0
1681689133828 0.3895509980930567 0
1681689134004 0.38852471853029463 0
1681689134180 0.38751898454169387 0
1681689134357 0.38653356144403433 0
1681689134533 0.38556790259543144 0
1681689134710 0.38462138686770175 0
