1681687494079 2599.406784057617 0
1681687494259 2479.745315551758 0
1681687494438 2435.4085845947266 0
1681687494623 2407.886474609375 0
1681687494805 2388.558319091797 0
1681687494980 2374.0140075683594 0
1681687495155 2362.5719451904297 0
1681687495331 2353.2821655273438 0
1681687495506 2345.5580139160156 0
1681687495682 2339.0121307373047 0
1681687495858 2333.3778381347656 0
1681687496033 2328.4642181396484 0
1681687496208 2324.1307678222656 0
1681687496386 2320.272201538086 0
1681687496577 2316.8072357177734 0
1681687496763 2313.673370361328 0
1681687496945 2310.8194885253906 0
1681687497120 2308.206008911133 0
1681687497296 2305.8002319335938 0
1681687497471 2303.574752807617 0
1681687497646 2301.5079803466797 0
1681687497823 2299.5811309814453 0
1681687497999 2297.7779846191406 0
1681687498178 2296.0858612060547 0
1681687498354 2294.493438720703 0
1681687498531 2292.989944458008 0
1681687498707 2291.568145751953 0
1681687498895 2290.2198028564453 0
1681687499070 2288.938720703125 0
1681687499247 2287.718978881836 0
1681687602377 2604.4110717773438 0
1681687602557 2500.5851440429688 0
1681687602730 2460.056610107422 0
1681687602904 2434.6340942382812 0
1681687603078 2416.338897705078 0
1681687603256 2402.004852294922 0
1681687603440 2390.020050048828 0
1681687603629 2379.4691467285156 0
1681687603809 2369.885940551758 0
1681687603997 2361.1585845947266 0
1681687604184 2353.3516235351562 0
1681687604360 2346.491424560547 0
1681687604539 2340.504379272461 0
1681687604718 2335.2652282714844 0
1681687604903 2330.6469116210938 0
1681687605080 2326.539291381836 0
1681687605256 2322.8539123535156 0
1681687605439 2319.520248413086 0
1681687605615 2316.483184814453 0
1681687605791 2313.698211669922 0
1681687605967 2311.1302185058594 0
1681687606156 2308.750259399414 0
1681687606332 2306.5349731445312 0
1681687606508 2304.463668823242 0
1681687606690 2302.521026611328 0
1681687606868 2300.6932983398438 0
1681687607046 2298.9676666259766 0
1681687607222 2297.3351287841797 0
1681687607401 2295.7864532470703 0
1681687607577 2294.314498901367 0
1681687654165 2589.8773040771484 0
1681687654351 2465.4078979492188 0
1681687654534 2428.4256134033203 0
1681687654716 2404.230010986328 0
1681687654895 2386.5362701416016 0
1681687655090 2372.7977447509766 0
1681687655286 2361.721176147461 0
1681687655474 2352.5567169189453 0
1681687655663 2344.8274688720703 0
1681687655851 2338.208694458008 0
1681687656034 2332.4696502685547 0
1681687656216 2327.4392852783203 0
1681687656399 2322.9886779785156 0
1681687656581 2319.0184173583984 0
1681687656772 2315.450225830078 0
1681687656959 2312.2224884033203 0
1681687657136 2309.285140991211 0
1681687657311 2306.597442626953 0
1681687657490 2304.1265716552734 0
1681687657678 2301.8450317382812 0
1681687657858 2299.7294006347656 0
1681687658040 2297.7605743408203 0
1681687658224 2295.9219360351562 0
1681687658401 2294.1996459960938 0
1681687658577 2292.5816802978516 0
1681687658758 2291.0576782226562 0
1681687658935 2289.618621826172 0
1681687659112 2288.256820678711 0
1681687659290 2286.9652099609375 0
1681687659466 2285.7378997802734 0
1681689129527 2602.5511322021484 0
1681689129712 2493.4500122070312 0
1681689129889 2451.292221069336 0
1681689130064 2424.0447387695312 0
1681689130248 2403.5486907958984 0
1681689130433 2387.237548828125 0
1681689130620 2374.145233154297 0
1681689130804 2363.5487060546875 0
1681689130982 2354.8273315429688 0
1681689131157 2347.511016845703 0
1681689131333 2341.263427734375 0
1681689131506 2335.8458862304688 0
1681689131682 2331.084991455078 0
1681689131856 2326.8548126220703 0
1681689132033 2323.0595703125 0
1681689132211 2319.6270599365234 0
1681689132389 2316.499740600586 0
1681689132567 2313.632583618164 0
1681689132745 2310.9901275634766 0
1681689132923 2308.542190551758 0
1681689133099 2306.264923095703 0
1681689133275 2304.1380310058594 0
1681689133453 2302.1449584960938 0
1681689133628 2300.271514892578 0
1681689133805 2298.5052642822266 0
1681689133981 2296.836441040039 0
1681689134156 2295.255401611328 0
1681689134334 2293.7552032470703 0
1681689134509 2292.3285064697266 0
1681689134685 2290.9693603515625 0
