1681175361443 0.3245413929399617 0
1681175361651 0.3470566347968755 0
1681175361847 0.35536320153053846 0
1681175362044 0.3588626550854947 0
1681175362238 0.3602742807181289 0
1681175362439 0.3606613651559358 0
1681175362637 0.36051742296502587 0
1681175362829 0.36011045816344994 0
1681175363027 0.3595963936310017 0
1681175363224 0.35906472762297004 0
1681175363427 0.35856412822801154 0
1681175363635 0.3581183020962841 0
1681175363832 0.35773589054138105 0
1681175364035 0.3574165103986874 0
1681175364232 0.3571547597098283 0
1681175364429 0.35694265900281613 0
1681175364625 0.3567714650696423 0
1681175364820 0.3566324970340382 0
1681175365017 0.3565177355245747 0
1681175365213 0.3564203676784779 0
1681175365408 0.3563343565329525 0
1681175365602 0.35625501234627527 0
1681175365798 0.3561784106328832 0
1681175365993 0.3561015008678545 0
1681175366189 0.35602210206726237 0
1681175366399 0.3559384184271119 0
1681175366594 0.3558492026216921 0
1681175366789 0.35575352323455295 0
1681175366985 0.3556510229885651 0
1681175367182 0.3555408996929387 0
1681175423523 0.20240219550442318 0
1681175423720 0.25937143094268506 0
1681175423912 0.28458437040327894 0
1681175424104 0.29819337998783274 0
1681175424297 0.30677093596096217 0
1681175424493 0.31270830478788714 0
1681175424693 0.317071241875275 0
1681175424892 0.32040955326871917 0
1681175425095 0.3230381258085928 0
1681175425317 0.3251517746323192 0
1681175425522 0.32687835856737774 0
1681175425724 0.32830583880622355 0
1681175425926 0.3294970073329052 0
1681175426137 0.33049811416824354 0
1681175426345 0.3313440912829427 0
1681175426555 0.33206195272280675 0
1681175426763 0.33267286408815006 0
1681175426970 0.33319383932093605 0
1681175427193 0.3336385709490359 0
1681175427418 0.33401833488549626 0
1681175427626 0.334342473503401 0
1681175427822 0.3346185981768301 0
1681175428016 0.3348534113788157 0
1681175428218 0.33505237854656256 0
1681175428430 0.3352203179064864 0
1681175428636 0.33536089404623626 0
1681175428845 0.3354778960000358 0
1681175429053 0.3355742653785289 0
1681175429267 0.33565225481277783 0
1681175429476 0.33571455922234683 0
1681175484567 0.268309249025129 0
1681175484755 0.3103335229367811 0
1681175484945 0.3272077537259647 0
1681175485141 0.33647247140331543 0
1681175485334 0.34230678371299506 0
1681175485526 0.3462660727080859 0
1681175485719 0.34905628970277214 0
1681175485913 0.3510470740708665 0
1681175486106 0.35245876284128325 0
1681175486301 0.35343910631652037 0
1681175486497 0.35409934144584343 0
1681175486691 0.3545310126288807 0
1681175486886 0.3548080437485323 0
1681175487084 0.3549843728958739 0
1681175487281 0.3550955889012268 0
1681175487476 0.355163677459617 0
1681175487672 0.35520197007560905 0
1681175487868 0.3552183144670511 0
1681175488064 0.355217914721939 0
1681175488266 0.3552039393250053 0
1681175488472 0.35517862901520614 0
1681175488674 0.3551437054438773 0
1681175488873 0.35510016494245006 0
1681175489071 0.3550490909961926 0
1681175489269 0.35499140131151524 0
1681175489467 0.354927576704765 0
1681175489663 0.3548582502750399 0
1681175489858 0.354783920943938 0
1681175490055 0.35470527538122654 0
1681175490258 0.3546225686443433 0
1681175515300 0.3597177374086149 0
1681175515492 0.37271674796860516 0
1681175515683 0.37763858219113 0
1681175515878 0.3797647676015664 0
1681175516094 0.3805591454293189 0
1681175516295 0.3806402103159349 0
1681175516490 0.3803266336542431 0
1681175516683 0.3797927148635875 0
1681175516889 0.379135190679267 0
1681175517099 0.3784087266191546 0
1681175517310 0.37764518855327156 0
1681175517520 0.37686381543725633 0
1681175517718 0.37607663901764554 0
1681175517908 0.37529155038176915 0
1681175518097 0.3745137123667337 0
1681175518287 0.3737467083282009 0
1681175518477 0.3729929560066623 0
1681175518666 0.37225406589301313 0
1681175518856 0.3715311294330065 0
1681175519049 0.37082467368804933 0
1681175519241 0.37013506263584584 0
1681175519431 0.36946232367108045 0
1681175519621 0.3688063105175089 0
1681175519812 0.36816698976418566 0
1681175520002 0.3675435783115063 0
1681175520192 0.3669360692318396 0
1681175520382 0.36634390828234226 0
1681175520572 0.3657662997878692 0
1681175520763 0.3652030059712553 0
1681175520955 0.364653596205478 0
