1681696396144 0.1747941394031471 0
1681696396320 0.20316273280460329 0
1681696396495 0.21973387709941217 0
1681696396675 0.23094982248762763 0
1681696396860 0.23933242343650207 0
1681696397046 0.2461868592573822 0
1681696397232 0.2524409458776724 0
1681696397418 0.2588936011208818 0
1681696397596 0.2661747470690352 0
1681696397779 0.27451926077803807 0
1681696397960 0.28360895425289134 0
1681696398141 0.2927673430861877 0
1681696398319 0.30135851257539165 0
1681696398497 0.3090164691366769 0
1681696398675 0.3156343502191328 0
1681696398853 0.32126157395030003 0
1681696399031 0.32601479141077805 0
1681696399210 0.33002616995730594 0
1681696399388 0.3334195881664242 0
1681696399567 0.33630221281800643 0
1681696399744 0.33876327954863905 0
1681696399922 0.34087574340026794 0
1681696400099 0.3426987832252027 0
1681696400277 0.3442803140565593 0
1681696400455 0.34565918914377264 0
1681696400634 0.34686701394498415 0
1681696400828 0.34792961753275664 0
1681696401007 0.3488682167667001 0
1681696401186 0.34970032583424243 0
1681696401365 0.3504404790260004 0
1681696401542 0.35110080549120204 0
1681696401720 0.3516914728547288 0
1681696401898 0.3522210529546131 0
1681696402075 0.3526967939526037 0
1681696402253 0.35312486587604697 0
1681696402431 0.3535105322074674 0
1681696402608 0.35385830626522896 0
1681696402788 0.35417207101572823 0
1681696402967 0.3544551808785679 0
1681696403144 0.35471054505193145 0
