1681696396120 2654.341751098633 0
1681696396296 2560.573776245117 0
1681696396471 2523.0054779052734 0
1681696396651 2498.112075805664 0
1681696396835 2479.2333984375 0
1681696397022 2463.793991088867 0
1681696397207 2450.4761810302734 0
1681696397393 2438.4794311523438 0
1681696397573 2427.2399139404297 0
1681696397754 2416.38720703125 0
1681696397935 2405.8116760253906 0
1681696398116 2395.651153564453 0
1681696398295 2386.140625 0
1681696398473 2377.4525146484375 0
1681696398651 2369.639694213867 0
1681696398829 2362.6639709472656 0
1681696399007 2356.4415740966797 0
1681696399186 2350.8763580322266 0
1681696399364 2345.875946044922 0
1681696399542 2341.359634399414 0
1681696399720 2337.257293701172 0
1681696399898 2333.5111236572266 0
1681696400076 2330.0723876953125 0
1681696400253 2326.900848388672 0
1681696400432 2323.963333129883 0
1681696400610 2321.231185913086 0
1681696400805 2318.680221557617 0
1681696400984 2316.290802001953 0
1681696401162 2314.0457305908203 0
1681696401341 2311.9303588867188 0
1681696401520 2309.931915283203 0
1681696401697 2308.0391845703125 0
1681696401875 2306.2428588867188 0
1681696402052 2304.534652709961 0
1681696402230 2302.9070587158203 0
1681696402407 2301.3533782958984 0
1681696402585 2299.8682556152344 0
1681696402764 2298.4461517333984 0
1681696402944 2297.083053588867 0
1681696403121 2295.7745971679688 0
