1681696396133 0.2771929824561403 0
1681696396308 0.2789473684210526 0
1681696396484 0.27280701754385966 0
1681696396663 0.27017543859649124 0
1681696396848 0.27017543859649124 0
1681696397035 0.27631578947368424 0
1681696397220 0.2789473684210526 0
1681696397406 0.2824561403508772 0
1681696397585 0.2833333333333333 0
1681696397767 0.2824561403508772 0
1681696397948 0.2850877192982456 0
1681696398129 0.3078947368421053 0
1681696398307 0.3131578947368421 0
1681696398485 0.3175438596491228 0
1681696398664 0.3333333333333333 0
1681696398842 0.36140350877192984 0
1681696399020 0.36403508771929827 0
1681696399198 0.36578947368421055 0
1681696399376 0.36578947368421055 0
1681696399555 0.36578947368421055 0
1681696399732 0.3719298245614035 0
1681696399911 0.3684210526315789 0
1681696400088 0.3701754385964912 0
1681696400266 0.3701754385964912 0
1681696400444 0.3719298245614035 0
1681696400623 0.3719298245614035 0
1681696400817 0.3736842105263158 0
1681696400996 0.3736842105263158 0
1681696401174 0.3701754385964912 0
1681696401353 0.3701754385964912 0
1681696401532 0.3701754385964912 0
1681696401709 0.3701754385964912 0
1681696401887 0.3719298245614035 0
1681696402064 0.3719298245614035 0
1681696402242 0.3736842105263158 0
1681696402419 0.3736842105263158 0
1681696402597 0.3736842105263158 0
1681696402777 0.37894736842105264 0
1681696402956 0.37894736842105264 0
1681696403133 0.37894736842105264 0
