1682003766156 94.55722384982639 0
1682003766163 95.93225691053603 1
1682003766169 96.68949890136719 2
1682003766172 96.95340643988715 3
1682003766174 97.03559282090929 4
1682003766180 97.15736304389105 5
1682003766183 97.15994771321614 6
1682003766185 97.160157945421 7
1682003766198 97.16020796034071 8
1682003766201 97.16022152370877 9
1682003766204 97.16023084852431 10
1682003766206 97.16022406684027 11
1682003766209 97.16022491455078 12
1682003766211 97.16023084852431 13
1682003766214 97.16022660997179 14
1682003766216 97.1602316962348 15
1682003766219 97.1602300008138 16
1682003766222 97.16023339165582 17
1682003766225 97.16023254394531 18
1682003766228 97.1602300008138 19
