1681696352801 0.21220629782227202 0
1681696352976 0.23837961013150835 0
1681696353149 0.25103673598340803 0
1681696353326 0.25869893409336253 0
1681696353500 0.2639654955493228 0
1681696353675 0.26789633339466823 0
1681696353849 0.2710044678722564 0
1681696354029 0.2735686880906629 0
1681696354212 0.2757537884314782 0
1681696354393 0.27766365254024583 0
1681696354569 0.27936714552958425 0
1681696354746 0.28091181672575827 0
1681696354922 0.28233159726770285 0
1681696355100 0.28365137720756217 0
1681696355280 0.2848898220397763 0
1681696355458 0.2860611739221362 0
1681696355634 0.2871764743658813 0
1681696355812 0.28824435506265 0
1681696355988 0.28927165284893486 0
1681696356168 0.29026377894489774 0
1681696356345 0.29122504552042705 0
1681696356521 0.29215886992939266 0
1681696356699 0.29306798356697306 0
1681696356878 0.29395451716832116 0
1681696357060 0.2948201593571788 0
1681696357244 0.2956661979908603 0
1681696357430 0.2964936090831566 0
1681696357613 0.29730314013077896 0
1681696357789 0.2980953287805975 0
1681696357966 0.29887051587354224 0
1681696358143 0.2996289846573542 0
1681696358320 0.30037087485970826 0
1681696358498 0.3010962694154926 0
1681696358674 0.30180521499367496 0
1681696358850 0.3024977447795574 0
1681696359026 0.30317385200727587 0
1681696359204 0.30383353944462044 0
1681696359381 0.3044768506364728 0
1681696359562 0.30510371840203726 0
1681696359742 0.3057142900226886 0
