1681175868060 2642.6676483154297 0
1681175868336 2514.6761016845703 0
1681175868506 2467.2330932617188 0
1681175868677 2436.0526123046875 0
1681175868850 2412.3463745117188 0
1681175869019 2393.7718048095703 0
1681175869191 2379.1563110351562 0
1681175869362 2367.50927734375 0
1681175869530 2358.0401000976562 0
1681175869701 2350.17724609375 0
1681175869867 2343.520553588867 0
1681175870035 2337.7904357910156 0
1681175870203 2332.7869720458984 0
1681175870374 2328.365432739258 0
1681175870550 2324.417495727539 0
1681175870738 2320.8609008789062 0
1681175870915 2317.632583618164 0
1681175871088 2314.6819763183594 0
1681175871258 2311.9698638916016 0
1681175871430 2309.463897705078 0
1681175871607 2307.1376953125 0
1681175871781 2304.969757080078 0
1681175871950 2302.9415588378906 0
1681175872119 2301.0380859375 0
1681175872287 2299.2462463378906 0
1681175872457 2297.554931640625 0
1681175872625 2295.954788208008 0
1681175872793 2294.4370880126953 0
1681175872961 2292.995071411133 0
1681175873132 2291.622528076172 0
