1682082339180 0.0 0
1682082339230 -0.9990566372871399 1
1682082339273 -1.8107026815414429 2
1682082339317 -2.614384889602661 3
1682082339362 -3.482076406478882 4
1682082339409 -4.268632888793945 5
1682082339458 -4.952740669250488 6
1682082339503 -5.550827980041504 7
1682082339546 -6.078155040740967 8
1682082339590 -6.546291828155518 9
1682082339633 -6.9640936851501465 10
1682082339675 -7.338521480560303 11
1682082339716 -7.6751813888549805 12
1682082339757 -7.97868013381958 13
1682082339798 -8.252864837646484 14
1682082339841 -8.500995635986328 15
1682082339883 -8.725863456726074 16
1682082339929 -8.929884910583496 17
1682082339973 -9.115165710449219 18
1682082340019 -9.28355598449707 19
1682082340064 -9.436691284179688 20
1682082340107 -9.57602310180664 21
1682082340152 -9.70284652709961 22
1682082340197 -9.818320274353027 23
1682082340243 -9.92348575592041 24
1682082340287 -10.019280433654785 25
1682082340330 -10.106549263000488 26
1682082340373 -10.186058044433594 27
1682082340415 -10.258500099182129 28
1682082340455 -10.324503898620605 29
1682082340496 -10.38464069366455 30
1682082340537 -10.43942928314209 31
1682082340579 -10.48934268951416 32
1682082340620 -10.534811019897461 33
1682082340660 -10.576226234436035 34
1682082340700 -10.613945960998535 35
1682082340741 -10.648295402526855 36
1682082340782 -10.679572105407715 37
1682082340823 -10.708046913146973 38
1682082340863 -10.733967781066895 39
1682082340903 -10.757559776306152 40
1682082340945 -10.779029846191406 41
1682082340985 -10.798565864562988 42
1682082341025 -10.816339492797852 43
1682082341066 -10.832507133483887 44
1682082341107 -10.847211837768555 45
1682082341148 -10.860583305358887 46
1682082341188 -10.87274169921875 47
1682082341228 -10.883794784545898 48
1682082341270 -10.893841743469238 49
1682082341303 -10.902972221374512 49
