1682082339151 0.0 0
1682082339208 0.999981701374054 1
1682082339254 1.8677854537963867 2
1682082339297 2.7335197925567627 3
1682082339342 3.6464524269104004 4
1682082339385 4.5039849281311035 5
1682082339434 5.263975143432617 6
1682082339482 5.9323272705078125 7
1682082339527 6.522644996643066 8
1682082339570 7.047007083892822 9
1682082339613 7.515092372894287 10
1682082339656 7.934621810913086 11
1682082339698 8.311849594116211 12
1682082339738 8.651927947998047 13
1682082339779 8.959163665771484 14
1682082339820 9.237204551696777 15
1682082339863 9.489181518554688 16
1682082339907 9.717798233032227 17
1682082339952 9.9254150390625 18
1682082339997 10.114106178283691 19
1682082340042 10.285700798034668 20
1682082340087 10.4418306350708 21
1682082340130 10.583944320678711 22
1682082340175 10.713338851928711 23
1682082340220 10.831181526184082 24
1682082340266 10.938523292541504 25
1682082340310 11.0363130569458 26
1682082340353 11.125407218933105 27
1682082340395 11.20658016204834 28
1682082340437 11.280540466308594 29
1682082340477 11.347926139831543 30
1682082340518 11.409321784973145 31
1682082340560 11.465253829956055 32
1682082340601 11.516206741333008 33
1682082340642 11.5626220703125 34
1682082340682 11.604898452758789 35
1682082340722 11.643400192260742 36
1682082340763 11.67845630645752 37
1682082340804 11.710369110107422 38
1682082340845 11.739419937133789 39
1682082340885 11.765861511230469 40
1682082340925 11.789926528930664 41
1682082340967 11.811824798583984 42
1682082341007 11.831746101379395 43
1682082341047 11.849865913391113 44
1682082341088 11.866345405578613 45
1682082341129 11.881333351135254 46
1682082341169 11.89495849609375 47
1682082341210 11.907344818115234 48
1682082341251 11.91860294342041 49
1682082341285 11.928836822509766 49
