1682082339141 97.08769226074219 0
1682082339201 97.09293365478516 1
1682082339247 97.12189483642578 2
1682082339290 97.18170928955078 3
1682082339335 97.23697662353516 4
1682082339379 97.26545715332031 5
1682082339427 97.27729797363281 6
1682082339475 97.2821044921875 7
1682082339520 97.28414154052734 8
1682082339564 97.28506469726562 9
1682082339607 97.28551483154297 10
1682082339650 97.2857437133789 11
1682082339692 97.2858657836914 12
1682082339733 97.28594207763672 13
1682082339774 97.28598022460938 14
1682082339814 97.2860107421875 15
1682082339857 97.28602600097656 16
1682082339901 97.28604125976562 17
1682082339946 97.28604888916016 18
1682082339991 97.28605651855469 19
1682082340037 97.28605651855469 20
1682082340081 97.28606414794922 21
1682082340124 97.28606414794922 22
1682082340169 97.28606414794922 23
1682082340214 97.28606414794922 24
1682082340260 97.28606414794922 25
1682082340304 97.28607177734375 26
1682082340347 97.28607177734375 27
1682082340390 97.28607177734375 28
1682082340431 97.28607177734375 29
1682082340471 97.28607177734375 30
1682082340512 97.28607177734375 31
1682082340554 97.28607177734375 32
1682082340595 97.28607177734375 33
1682082340637 97.28607177734375 34
1682082340676 97.28607177734375 35
1682082340716 97.28607177734375 36
1682082340757 97.28607177734375 37
1682082340798 97.28607177734375 38
1682082340839 97.28607177734375 39
1682082340879 97.28607177734375 40
1682082340920 97.28607177734375 41
1682082340961 97.28607177734375 42
1682082341001 97.28607177734375 43
1682082341042 97.28607177734375 44
1682082341082 97.28607177734375 45
1682082341123 97.28607177734375 46
1682082341164 97.28607177734375 47
1682082341204 97.28607177734375 48
1682082341245 97.28607177734375 49
1682082341279 97.28607177734375 49
