1682082339177 0.0 0
1682082339227 0.9997025728225708 1
1682082339271 1.750901699066162 2
1682082339315 2.471698045730591 3
1682082339359 3.290804386138916 4
1682082339406 4.136441230773926 5
1682082339455 4.92708683013916 6
1682082339500 5.641620635986328 7
1682082339544 6.282081604003906 8
1682082339588 6.855867385864258 9
1682082339631 7.370802879333496 10
1682082339673 7.833950042724609 11
1682082339714 8.251422882080078 12
1682082339754 8.628458976745605 13
1682082339796 8.969549179077148 14
1682082339838 9.278562545776367 15
1682082339880 9.558854103088379 16
1682082339926 9.813348770141602 17
1682082339970 10.044614791870117 18
1682082340016 10.25491714477539 19
1682082340061 10.446263313293457 20
1682082340104 10.620443344116211 21
1682082340149 10.779054641723633 22
1682082340194 10.923531532287598 23
1682082340240 11.05516242980957 24
1682082340284 11.17510986328125 25
1682082340327 11.284423828125 26
1682082340370 11.384055137634277 27
1682082340412 11.474864959716797 28
1682082340452 11.557636260986328 29
1682082340493 11.633079528808594 30
1682082340535 11.701842308044434 31
1682082340576 11.76451301574707 32
1682082340618 11.821627616882324 33
1682082340657 11.873675346374512 34
1682082340697 11.921101570129395 35
1682082340738 11.964313507080078 36
1682082340779 12.003681182861328 37
1682082340820 12.039542198181152 38
1682082340861 12.0722074508667 39
1682082340901 12.101958274841309 40
1682082340942 12.12905216217041 41
1682082340983 12.153724670410156 42
1682082341023 12.176190376281738 43
1682082341064 12.19664478302002 44
1682082341104 12.215266227722168 45
1682082341145 12.232218742370605 46
1682082341186 12.247650146484375 47
1682082341226 12.261696815490723 48
1682082341268 12.274482727050781 49
1682082341300 12.286121368408203 49
