1682082290875 78.88241153293185 1
1682082291426 79.6336407131619 2
1682082291999 79.90768093532986 3
1682082292546 80.02459462483723 4
1682082293088 80.11148240831163 5
1682082293632 80.1129379272461 6
1682082294172 80.11331346299913 7
1682082294715 80.11343383789062 8
1682082295260 80.11346944173177 9
1682082295801 80.11348470052083 10
1682082296342 80.11349317762587 11
1682082296901 80.11349487304688 12
1682082297444 80.1135025024414 13
1682082297984 80.11350335015192 14
1682082298524 80.1135016547309 15
