1682448090808 0.21905783862103617 0
1682448091694 0.2665646322299633 0
1682448092581 0.29954489763225056 0
1682448093476 0.32812977071307325 0
1682448094379 0.34670824621223406 0
1682448095253 0.35798285029475174 0
1682448096130 0.3650633509699591 0
1682448097006 0.3696843958334989 0
1682448097881 0.3727789249149967 0
1682448098757 0.3748744006232274 0
1682448099633 0.3762865550412541 0
1682448100509 0.3772142559898157 0
1682448101385 0.3777882891266877 0
1682448102268 0.3780978761593414 0
1682448103206 0.37820577405643174 0
1682448104149 0.3781573491909742 0
1682448105119 0.37798610997503923 0
1682448106069 0.37771735202873735 0
1682448107035 0.37737039917061466 0
1682448107941 0.37696047063452337 0
1682448108891 0.37649935397731915 0
1682448109848 0.37599672779547033 0
1682448110797 0.3754602894151309 0
1682448111689 0.374896227633956 0
1682448112553 0.3743098819925888 0
1682448113493 0.37370539975780837 0
1682448114430 0.37308651583563357 0
1682448115319 0.3724563399142815 0
1682448116182 0.37181705580070135 0
1682448117102 0.3711712268682345 0
1682448117984 0.3705205924321169 0
1682448118881 0.3698668698945383 0
1682448119796 0.3692112764980985 0
1682448120663 0.36855496526355835 0
1682448121537 0.3678989319906018 0
1682448122414 0.3672443855918949 0
1682448123291 0.36659192382904304 0
1682448124155 0.3659422097709186 0
1682448125020 0.36529618705886124 0
1682448125881 0.36465351979544786 0
1682448126745 0.36401550387844117 0
1682448127660 0.36338267632718463 0
1682448128539 0.3627545591451385 0
1682448129400 0.3621320252771051 0
1682448130260 0.3615145957466368 0
1682448131138 0.36090363704241635 0
1682448132003 0.36029885500302283 0
1682448132931 0.3597004836956826 0
1682448133806 0.3591091899958078 0
1682448134739 0.3585233013749828 0
1682448135676 0.3579448482877842 0
1682448136553 0.35737328125582357 0
1682448137449 0.3568086876435005 0
1682448138371 0.3562511417652826 0
1682448139279 0.35570070642088625 0
1682448140153 0.3551574922198756 0
1682448141028 0.35462134831923486 0
1682448141903 0.35409249742881166 0
1682448142776 0.3535708918950181 0
1682448143650 0.35305660656881116 0
