1682448090417 0.3898333333333333 0
1682448091318 0.3861666666666667 0
1682448092214 0.426 0
1682448093091 0.43716666666666665 0
1682448094008 0.43850000000000006 0
1682448094886 0.4386666666666667 0
1682448095764 0.4475 0
1682448096639 0.4453333333333333 0
1682448097515 0.4526666666666666 0
1682448098390 0.4563333333333334 0
1682448099267 0.4630000000000001 0
1682448100141 0.46433333333333343 0
1682448101018 0.44450000000000006 0
1682448101893 0.46349999999999997 0
1682448102834 0.4566666666666667 0
1682448103756 0.453 0
1682448104713 0.46799999999999997 0
1682448105682 0.459 0
1682448106630 0.4589999999999999 0
1682448107544 0.4546666666666666 0
1682448108508 0.45249999999999996 0
1682448109448 0.4586666666666666 0
1682448110388 0.4696666666666667 0
1682448111328 0.4713333333333332 0
1682448112190 0.457 0
1682448113094 0.461 0
1682448114035 0.4705000000000001 0
1682448114959 0.4575 0
1682448115820 0.46433333333333326 0
1682448116711 0.45616666666666666 0
1682448117623 0.44050000000000006 0
1682448118509 0.45083333333333336 0
1682448119413 0.4593333333333333 0
1682448120299 0.44783333333333336 0
1682448121176 0.4601666666666666 0
1682448122047 0.4566666666666666 0
1682448122924 0.45799999999999996 0
1682448123793 0.49150000000000005 0
1682448124659 0.4943333333333333 0
1682448125523 0.48550000000000004 0
1682448126384 0.48750000000000004 0
1682448127281 0.4841666666666667 0
1682448128168 0.49033333333333334 0
1682448129040 0.4905000000000001 0
1682448129900 0.48583333333333334 0
1682448130764 0.4963333333333333 0
1682448131639 0.4916666666666667 0
1682448132535 0.492 0
1682448133445 0.4945 0
1682448134342 0.486 0
1682448135281 0.47533333333333333 0
1682448136191 0.49033333333333334 0
1682448137063 0.4818333333333334 0
1682448137976 0.5279999999999999 0
1682448138913 0.5329999999999999 0
1682448139789 0.5168333333333334 0
1682448140662 0.5158333333333333 0
1682448141537 0.5211666666666667 0
1682448142410 0.5096666666666666 0
1682448143284 0.5236666666666667 0
