1682448090795 0.38499999999999995 0
1682448091682 0.38683333333333336 0
1682448092569 0.4323333333333334 0
1682448093464 0.42583333333333334 0
1682448094367 0.4326666666666667 0
1682448095242 0.44283333333333336 0
1682448096118 0.44616666666666666 0
1682448096994 0.43783333333333335 0
1682448097869 0.4435 0
1682448098745 0.4535 0
1682448099621 0.4623333333333333 0
1682448100497 0.4668333333333334 0
1682448101374 0.46016666666666667 0
1682448102254 0.46016666666666667 0
1682448103194 0.464 0
1682448104136 0.4603333333333333 0
1682448105104 0.4676666666666667 0
1682448106056 0.468 0
1682448107024 0.4648333333333334 0
1682448107928 0.4558333333333333 0
1682448108878 0.46083333333333326 0
1682448109834 0.4526666666666666 0
1682448110781 0.45183333333333336 0
1682448111677 0.45516666666666666 0
1682448112541 0.4723333333333333 0
1682448113481 0.46249999999999997 0
1682448114417 0.4578333333333333 0
1682448115308 0.4523333333333333 0
1682448116170 0.4583333333333333 0
1682448117089 0.4613333333333333 0
1682448117973 0.4561666666666666 0
1682448118869 0.45300000000000007 0
1682448119784 0.461 0
1682448120652 0.4563333333333333 0
1682448121526 0.4593333333333333 0
1682448122402 0.45599999999999996 0
1682448123279 0.453 0
1682448124143 0.49616666666666664 0
1682448125009 0.4878333333333333 0
1682448125870 0.4888333333333333 0
1682448126734 0.4779999999999999 0
1682448127649 0.48999999999999994 0
1682448128527 0.4793333333333334 0
1682448129388 0.48333333333333334 0
1682448130249 0.4836666666666667 0
1682448131127 0.4828333333333334 0
1682448131990 0.4808333333333333 0
1682448132919 0.4911666666666667 0
1682448133794 0.4836666666666667 0
1682448134727 0.48150000000000004 0
1682448135663 0.48950000000000005 0
1682448136541 0.4861666666666667 0
1682448137434 0.4918333333333333 0
1682448138357 0.5223333333333333 0
1682448139267 0.5195 0
1682448140142 0.524 0
1682448141016 0.5238333333333333 0
1682448141892 0.531 0
1682448142764 0.5263333333333333 0
1682448143639 0.5111666666666667 0
