1681694162805 0.30860181726255287 0
1681694162978 0.3480879950395174 0
1681694163151 0.363818574488845 0
1681694163327 0.3715784885050252 0
1681694163503 0.37597030364417705 0
1681694163679 0.3787001416394771 0
1681694163865 0.38050405209049787 0
1681694164056 0.3817399357315908 0
1681694164237 0.3825996907636371 0
1681694164414 0.3831947454823478 0
1681694164595 0.38359430945396045 0
1681694164780 0.38384380868386303 0
1681694164973 0.3839745954548502 0
1681694165159 0.38400912521818664 0
1681694165341 0.38396420179703017 0
1681694165513 0.3838526995128013 0
1681694165689 0.3836848329479933 0
1681694165876 0.38346882390757314 0
1681694166064 0.38321143624046294 0
1681694166249 0.38291837717844446 0
1681694166430 0.38259434090493905 0
1681694166605 0.3822436301743546 0
1681694166785 0.38186954249801736 0
1681694166962 0.38147543874831935 0
1681694167141 0.3810637592359277 0
1681694167331 0.3806370345535198 0
1681694167528 0.38019731953320757 0
1681694167715 0.3797464476729825 0
1681694167891 0.3792860628699869 0
1681694168064 0.3788177006795188 0
1681694168238 0.37834234320894033 0
1681694168422 0.3778614794309585 0
1681694168613 0.3773760270544324 0
1681694168800 0.3768869110356391 0
1681694168988 0.3763951701361467 0
1681694169174 0.37590092650272516 0
1681694169359 0.37540547688999937 0
1681694169541 0.3749092195848992 0
1681694169716 0.3744127210542004 0
1681694169891 0.373916800688761 0
1681694170065 0.3734208234373282 0
1681694170239 0.37292633493082544 0
1681694170412 0.37243327094244116 0
1681694170585 0.3719420461387769 0
1681694170771 0.3714529073984551 0
1681694170951 0.3709668141698754 0
1681694171124 0.37048196140810197 0
1681694171301 0.37000134843247245 0
1681694171484 0.3695233995940258 0
1681694171660 0.3690475168834738 0
