1682048328711 0.0 0
1682048328757 0.9997267127037048 1
1682048328803 1.7842029333114624 2
1682048328849 2.4671950340270996 3
1682048328897 3.2242419719696045 4
1682048328944 4.065028667449951 5
1682048328989 4.922308921813965 6
1682048329035 5.739652633666992 7
1682048329079 6.493028163909912 8
1682048329124 7.177733421325684 9
1682048329169 7.796916961669922 10
1682048329214 8.356199264526367 11
1682048329258 8.861578941345215 12
1682048329302 9.31869888305664 13
1682048329346 9.732635498046875 14
1682048329391 10.107881546020508 15
1682048329435 10.448394775390625 16
1682048329483 10.757658958435059 17
1682048329529 11.038752555847168 18
1682048329574 11.294403076171875 19
1682048329619 11.527033805847168 20
1682048329663 11.738809585571289 21
1682048329706 11.931666374206543 22
1682048329751 12.107341766357422 23
1682048329796 12.267399787902832 24
1682048329859 12.413251876831055 25
1682048329903 12.546174049377441 26
1682048329947 12.667320251464844 27
1682048329988 12.777738571166992 28
1682048330030 12.878378868103027 29
1682048330071 12.97010612487793 30
1682048330112 13.053707122802734 31
1682048330153 13.129897117614746 32
1682048330195 13.199329376220703 33
1682048330235 13.262598037719727 34
1682048330277 13.320244789123535 35
1682048330319 13.372764587402344 36
1682048330360 13.420607566833496 37
1682048330400 13.46418571472168 38
1682048330443 13.503874778747559 39
1682048330484 13.540018081665039 40
1682048330530 13.572930335998535 41
1682048330571 13.602896690368652 42
1682048330612 13.63017749786377 43
1682048330652 13.655011177062988 44
1682048330693 13.67761516571045 45
1682048330736 13.698188781738281 46
1682048330779 13.716911315917969 47
1682048330823 13.733949661254883 48
1682048330882 13.7494535446167 49
1682048330914 13.763562202453613 49
