1682048328717 0.0 0
1682048328762 -0.9996874928474426 1
1682048328808 -1.8281137943267822 2
1682048328855 -2.624382495880127 3
1682048328903 -3.497438430786133 4
1682048328949 -4.324883460998535 5
1682048328995 -5.057758331298828 6
1682048329040 -5.701940059661865 7
1682048329084 -6.270819187164307 8
1682048329129 -6.776108741760254 9
1682048329174 -7.2271552085876465 10
1682048329219 -7.63140869140625 11
1682048329263 -7.994899749755859 12
1682048329307 -8.322592735290527 13
1682048329351 -8.61863899230957 14
1682048329396 -8.886554718017578 15
1682048329440 -9.129354476928711 16
1682048329489 -9.349645614624023 17
1682048329535 -9.549702644348145 18
1682048329580 -9.731523513793945 19
1682048329624 -9.896872520446777 20
1682048329669 -10.047317504882812 21
1682048329712 -10.184256553649902 22
1682048329756 -10.308941841125488 23
1682048329802 -10.42249584197998 24
1682048329864 -10.525931358337402 25
1682048329909 -10.620162010192871 26
1682048329952 -10.706013679504395 27
1682048329993 -10.784235000610352 28
1682048330034 -10.855504989624023 29
1682048330076 -10.920439720153809 30
1682048330118 -10.979599952697754 31
1682048330158 -11.033495903015137 32
1682048330200 -11.082592010498047 33
1682048330240 -11.127311706542969 34
1682048330282 -11.168041229248047 35
1682048330324 -11.205131530761719 36
1682048330365 -11.238903999328613 37
1682048330405 -11.269651412963867 38
1682048330448 -11.297640800476074 39
1682048330489 -11.323116302490234 40
1682048330535 -11.34630012512207 41
1682048330576 -11.367395401000977 42
1682048330617 -11.386587142944336 43
1682048330657 -11.404045104980469 44
1682048330698 -11.419922828674316 45
1682048330741 -11.434361457824707 46
1682048330785 -11.447489738464355 47
1682048330827 -11.45942497253418 48
1682048330887 -11.470273971557617 49
1682048330919 -11.480134010314941 49
