1682048328720 0.0 0
1682048328765 -0.9992837905883789 1
1682048328811 -1.8251923322677612 2
1682048328858 -2.646716356277466 3
1682048328906 -3.5164904594421387 4
1682048328952 -4.295581817626953 5
1682048328998 -4.972057342529297 6
1682048329043 -5.56337833404541 7
1682048329087 -6.084733963012695 8
1682048329132 -6.547569751739502 9
1682048329177 -6.9606404304504395 10
1682048329222 -7.3308281898498535 11
1682048329265 -7.663675785064697 12
1682048329310 -7.963737487792969 13
1682048329353 -8.234817504882812 14
1682048329399 -8.480137825012207 15
1682048329443 -8.702459335327148 16
1682048329492 -8.904170036315918 17
1682048329537 -9.087352752685547 18
1682048329582 -9.253836631774902 19
1682048329627 -9.405238151550293 20
1682048329671 -9.54299259185791 21
1682048329714 -9.668379783630371 22
1682048329759 -9.782546043395996 23
1682048329804 -9.886520385742188 24
1682048329867 -9.981229782104492 25
1682048329912 -10.067510604858398 26
1682048329954 -10.146119117736816 27
1682048329995 -10.217741012573242 28
1682048330037 -10.282997131347656 29
1682048330078 -10.342453002929688 30
1682048330120 -10.396621704101562 31
1682048330160 -10.445969581604004 32
1682048330202 -10.490922927856445 33
1682048330243 -10.531868934631348 34
1682048330284 -10.569161415100098 35
1682048330326 -10.603121757507324 36
1682048330367 -10.63404369354248 37
1682048330408 -10.662196159362793 38
1682048330451 -10.687823295593262 39
1682048330492 -10.711148262023926 40
1682048330537 -10.732375144958496 41
1682048330578 -10.751689910888672 42
1682048330619 -10.769262313842773 43
1682048330659 -10.785246849060059 44
1682048330701 -10.799784660339355 45
1682048330743 -10.813004493713379 46
1682048330787 -10.825024604797363 47
1682048330829 -10.835952758789062 48
1682048330889 -10.845885276794434 49
1682048330921 -10.854912757873535 49
