1682048328706 0.0 0
1682048328752 0.9999576210975647 1
1682048328797 1.9841535091400146 2
1682048328844 2.9487810134887695 3
1682048328892 3.784308910369873 4
1682048328939 4.495020389556885 5
1682048328984 5.107698917388916 6
1682048329029 5.642846584320068 7
1682048329074 6.114526748657227 8
1682048329119 6.533271312713623 9
1682048329164 6.907051086425781 10
1682048329209 7.242048263549805 11
1682048329252 7.543255805969238 12
1682048329297 7.814802169799805 13
1682048329341 8.06011962890625 14
1682048329385 8.282096862792969 15
1682048329430 8.483278274536133 16
1682048329478 8.66578197479248 17
1682048329523 8.831512451171875 18
1682048329569 8.982123374938965 19
1682048329614 9.119050979614258 20
1682048329658 9.243657112121582 21
1682048329701 9.35707950592041 22
1682048329745 9.460333824157715 23
1682048329791 9.55435848236084 24
1682048329853 9.639995574951172 25
1682048329897 9.718019485473633 26
1682048329943 9.789093017578125 27
1682048329984 9.8538236618042 28
1682048330025 9.912811279296875 29
1682048330066 9.966548919677734 30
1682048330107 10.015543937683105 31
1682048330149 10.060178756713867 32
1682048330190 10.100861549377441 33
1682048330231 10.137981414794922 34
1682048330272 10.171833038330078 35
1682048330314 10.2027006149292 36
1682048330355 10.2307767868042 37
1682048330396 10.256300926208496 38
1682048330439 10.27954387664795 39
1682048330479 10.30069637298584 40
1682048330524 10.319972038269043 41
1682048330566 10.337532043457031 42
1682048330607 10.35349178314209 43
1682048330648 10.3679838180542 44
1682048330688 10.381158828735352 45
1682048330731 10.393166542053223 46
1682048330774 10.404052734375 47
1682048330818 10.413935661315918 48
1682048330877 10.422917366027832 49
1682048330910 10.431105613708496 49
