1682048328714 0.0 0
1682048328760 0.9996254444122314 1
1682048328805 1.751137375831604 2
1682048328852 2.471027374267578 3
1682048328900 3.283921718597412 4
1682048328947 4.14475154876709 5
1682048328992 4.976808071136475 6
1682048329037 5.7450456619262695 7
1682048329081 6.44176721572876 8
1682048329127 7.0699357986450195 9
1682048329172 7.635691165924072 10
1682048329216 8.14561653137207 11
1682048329260 8.605849266052246 12
1682048329305 9.0218505859375 13
1682048329348 9.398402214050293 14
1682048329393 9.739675521850586 15
1682048329437 10.049314498901367 16
1682048329486 10.330513954162598 17
1682048329532 10.586087226867676 18
1682048329577 10.818521499633789 19
1682048329621 11.030025482177734 20
1682048329666 11.222569465637207 21
1682048329709 11.39791488647461 22
1682048329753 11.557642936706543 23
1682048329799 11.70317554473877 24
1682048329861 11.835795402526855 25
1682048329906 11.95666217803955 26
1682048329949 12.066825866699219 27
1682048329991 12.167237281799316 28
1682048330032 12.25876235961914 29
1682048330073 12.342185974121094 30
1682048330114 12.418222427368164 31
1682048330155 12.487523078918457 32
1682048330197 12.550680160522461 33
1682048330238 12.608235359191895 34
1682048330279 12.660679817199707 35
1682048330321 12.708464622497559 36
1682048330362 12.751996994018555 37
1682048330403 12.79165267944336 38
1682048330446 12.827773094177246 39
1682048330487 12.860671043395996 40
1682048330532 12.890630722045898 41
1682048330573 12.917912483215332 42
1682048330614 12.942752838134766 43
1682048330655 12.965368270874023 44
1682048330696 12.985957145690918 45
1682048330738 13.004700660705566 46
1682048330782 13.021761894226074 47
1682048330825 13.037291526794434 48
1682048330884 13.051426887512207 49
1682048330916 13.064292907714844 49
