1682048328726 0.0 0
1682048328770 -0.9990566372871399 1
1682048328816 -1.8107026815414429 2
1682048328864 -2.614384889602661 3
1682048328912 -3.482076406478882 4
1682048328957 -4.268632888793945 5
1682048329003 -4.952740669250488 6
1682048329048 -5.550827980041504 7
1682048329092 -6.078155040740967 8
1682048329137 -6.546291828155518 9
1682048329182 -6.9640936851501465 10
1682048329227 -7.338521480560303 11
1682048329271 -7.6751813888549805 12
1682048329315 -7.97868013381958 13
1682048329359 -8.252864837646484 14
1682048329404 -8.500995635986328 15
1682048329447 -8.725863456726074 16
1682048329497 -8.929884910583496 17
1682048329543 -9.115165710449219 18
1682048329587 -9.28355598449707 19
1682048329632 -9.436691284179688 20
1682048329676 -9.57602310180664 21
1682048329719 -9.70284652709961 22
1682048329765 -9.818320274353027 23
1682048329810 -9.92348575592041 24
1682048329872 -10.019280433654785 25
1682048329918 -10.106549263000488 26
1682048329959 -10.186058044433594 27
1682048330000 -10.258500099182129 28
1682048330042 -10.324503898620605 29
1682048330083 -10.38464069366455 30
1682048330125 -10.43942928314209 31
1682048330165 -10.48934268951416 32
1682048330206 -10.534811019897461 33
1682048330247 -10.576226234436035 34
1682048330289 -10.613945960998535 35
1682048330331 -10.648295402526855 36
1682048330372 -10.679572105407715 37
1682048330413 -10.708046913146973 38
1682048330455 -10.733967781066895 39
1682048330498 -10.757559776306152 40
1682048330542 -10.779029846191406 41
1682048330583 -10.798565864562988 42
1682048330624 -10.816339492797852 43
1682048330664 -10.832507133483887 44
1682048330706 -10.847211837768555 45
1682048330748 -10.860583305358887 46
1682048330792 -10.87274169921875 47
1682048330834 -10.883794784545898 48
1682048330893 -10.893841743469238 49
1682048330925 -10.902972221374512 49
