1682048278666 78.88241153293185 1
1682048279281 79.6336407131619 2
1682048279850 79.90768093532986 3
1682048280389 80.02459462483723 4
1682048280931 80.11148240831163 5
1682048281479 80.1129379272461 6
1682048282024 80.11331346299913 7
1682048282562 80.11343383789062 8
1682048283099 80.11346944173177 9
1682048283638 80.11348470052083 10
1682048284176 80.11349317762587 11
1682048284713 80.11349487304688 12
1682048285270 80.1135025024414 13
1682048285825 80.11350335015192 14
1682048286412 80.1135016547309 15
