1682048319776 78.88241153293185 1
1682048320356 79.6336407131619 2
1682048320951 79.90768093532986 3
1682048321561 80.02459462483723 4
1682048322183 80.11148240831163 5
1682048322791 80.1129379272461 6
1682048323397 80.11331346299913 7
1682048324018 80.11343383789062 8
1682048324621 80.11346944173177 9
1682048325219 80.11348470052083 10
1682048325818 80.11349317762587 11
1682048326360 80.11349487304688 12
1682048326909 80.1135025024414 13
1682048327511 80.11350335015192 14
1682048328109 80.1135016547309 15
1682048331475 80.11349995930989 16
