1681693917732 0.30860181726255287 0
1681693917904 0.3480879950395174 0
1681693918088 0.363818574488845 0
1681693918269 0.3715784885050252 0
1681693918446 0.37597030364417705 0
1681693918625 0.3787001416394771 0
1681693918803 0.38050405209049787 0
1681693918979 0.3817399357315908 0
1681693919159 0.3825996907636371 0
1681693919345 0.3831947454823478 0
1681693919524 0.38359430945396045 0
1681693919705 0.38384380868386303 0
1681693919882 0.3839745954548502 0
1681693920063 0.38400912521818664 0
1681693920242 0.38396420179703017 0
1681693920422 0.3838526995128013 0
1681693920599 0.3836848329479933 0
1681693920777 0.38346882390757314 0
1681693920955 0.38321143624046294 0
1681693921133 0.38291837717844446 0
1681693921311 0.38259434090493905 0
1681693921487 0.3822436301743546 0
1681693921665 0.38186954249801736 0
1681693921841 0.38147543874831935 0
1681693922017 0.3810637592359277 0
1681693922195 0.3806370345535198 0
1681693922373 0.38019731953320757 0
1681693922552 0.3797464476729825 0
1681693922730 0.3792860628699869 0
1681693922906 0.3788177006795188 0
1681693923083 0.37834234320894033 0
1681693923261 0.3778614794309585 0
1681693923439 0.3773760270544324 0
1681693923616 0.3768869110356391 0
1681693923793 0.3763951701361467 0
1681693923970 0.37590092650272516 0
1681693924147 0.37540547688999937 0
1681693924324 0.3749092195848992 0
1681693924500 0.3744127210542004 0
1681693924677 0.373916800688761 0
1681693924855 0.3734208234373282 0
1681693925033 0.37292633493082544 0
1681693925213 0.37243327094244116 0
1681693925402 0.3719420461387769 0
1681693925587 0.3714529073984551 0
1681693925769 0.3709668141698754 0
1681693925950 0.37048196140810197 0
1681693926132 0.37000134843247245 0
1681693926318 0.3695233995940258 0
1681693926507 0.3690475168834738 0
