1682457378209 2622.851547241211 0
1682457379146 2525.378616333008 0
1682457380062 2495.578628540039 0
1682457380970 2477.9356079101562 0
1682457381879 2465.793731689453 0
1682457382786 2456.795867919922 0
1682457383717 2449.8766174316406 0
1682457384634 2444.451385498047 0
1682457385545 2440.141830444336 0
1682457386435 2436.674118041992 0
1682457387322 2433.8392639160156 0
1682457388228 2431.4763793945312 0
1682457389142 2429.4620361328125 0
1682457390042 2427.704559326172 0
1682457390921 2426.147476196289 0
1682457391804 2424.7706146240234 0
1682457392687 2423.574493408203 0
1682457393567 2422.5523529052734 0
1682457394448 2421.6822967529297 0
1682457395327 2420.9364318847656 0
1682457396205 2420.2887115478516 0
1682457397085 2419.7196044921875 0
1682457397966 2419.215850830078 0
1682457398845 2418.76806640625 0
1682457399725 2418.368850708008 0
1682457400607 2418.011962890625 0
1682457401489 2417.6925354003906 0
1682457402367 2417.4059448242188 0
1682457403246 2417.1482849121094 0
1682457404127 2416.9156951904297 0
