1682457378579 0.3713333333333333 0
1682457379517 0.3861666666666666 0
1682457380424 0.4141666666666666 0
1682457381334 0.42566666666666664 0
1682457382242 0.44250000000000006 0
1682457383163 0.44366666666666665 0
1682457384082 0.4486666666666666 0
1682457385001 0.45516666666666666 0
1682457385904 0.44766666666666666 0
1682457386794 0.4443333333333334 0
1682457387681 0.43966666666666665 0
1682457388599 0.4336666666666666 0
1682457389507 0.4333333333333333 0
1682457390397 0.4631666666666667 0
1682457391277 0.4623333333333333 0
1682457392161 0.468 0
1682457393041 0.49383333333333335 0
1682457393923 0.49 0
1682457394803 0.504 0
1682457395682 0.4965 0
1682457396560 0.49933333333333335 0
1682457397441 0.5018333333333334 0
1682457398321 0.45716666666666667 0
1682457399200 0.4615 0
1682457400081 0.45050000000000007 0
1682457400965 0.4653333333333333 0
1682457401843 0.464 0
1682457402722 0.4635 0
1682457403600 0.47516666666666674 0
1682457404482 0.4768333333333334 0
