1682048199262 0.0 0
1682048199303 0.9999697804450989 1
1682048199344 1.8617322444915771 2
1682048199383 2.757023811340332 3
1682048199423 3.662446975708008 4
1682048199463 4.4854583740234375 5
1682048199507 5.208332538604736 6
1682048199557 5.842709541320801 7
1682048199604 6.402708053588867 8
1682048199659 6.900061130523682 9
1682048199710 7.344017028808594 10
1682048199755 7.741913795471191 11
1682048199800 8.099687576293945 12
1682048199843 8.422226905822754 13
1682048199887 8.713616371154785 14
1682048199927 8.977313995361328 15
1682048199967 9.216293334960938 16
1682048200007 9.433115005493164 17
1682048200047 9.630019187927246 18
1682048200087 9.80897331237793 19
1682048200127 9.971710205078125 20
1682048200167 10.119781494140625 21
1682048200207 10.254560470581055 22
1682048200246 10.377275466918945 23
1682048200285 10.489034652709961 24
1682048200325 10.59083366394043 25
1682048200375 10.683574676513672 26
1682048200419 10.768067359924316 27
1682048200476 10.845046997070312 28
1682048200533 10.915186882019043 29
1682048200578 10.979090690612793 30
1682048200622 11.037317276000977 31
1682048200665 11.090362548828125 32
1682048200709 11.138687133789062 33
1682048200750 11.182713508605957 34
1682048200791 11.222817420959473 35
1682048200830 11.259344100952148 36
1682048200869 11.292598724365234 37
1682048200909 11.322869300842285 38
1682048200950 11.350425720214844 39
1682048200990 11.375506401062012 40
1682048201030 11.398335456848145 41
1682048201070 11.419110298156738 42
1682048201109 11.438009262084961 43
1682048201148 11.455196380615234 44
1682048201188 11.470827102661133 45
1682048201227 11.485045433044434 46
1682048201267 11.497968673706055 47
1682048201313 11.50971508026123 48
1682048201360 11.520392417907715 49
1682048201397 11.530099868774414 49
