1682048199274 0.0 0
1682048199315 0.9997025728225708 1
1682048199355 1.750901699066162 2
1682048199395 2.471698045730591 3
1682048199434 3.290804386138916 4
1682048199474 4.136441230773926 5
1682048199525 4.92708683013916 6
1682048199571 5.641620635986328 7
1682048199621 6.282081604003906 8
1682048199677 6.855867385864258 9
1682048199724 7.370802879333496 10
1682048199768 7.833950042724609 11
1682048199812 8.251422882080078 12
1682048199856 8.628458976745605 13
1682048199898 8.969549179077148 14
1682048199938 9.278562545776367 15
1682048199978 9.558854103088379 16
1682048200019 9.813348770141602 17
1682048200059 10.044614791870117 18
1682048200098 10.25491714477539 19
1682048200138 10.446263313293457 20
1682048200178 10.620443344116211 21
1682048200218 10.779054641723633 22
1682048200257 10.923531532287598 23
1682048200297 11.05516242980957 24
1682048200340 11.17510986328125 25
1682048200387 11.284423828125 26
1682048200433 11.384055137634277 27
1682048200492 11.474864959716797 28
1682048200546 11.557636260986328 29
1682048200590 11.633079528808594 30
1682048200634 11.701842308044434 31
1682048200678 11.76451301574707 32
1682048200722 11.821627616882324 33
1682048200762 11.873675346374512 34
1682048200802 11.921101570129395 35
1682048200842 11.964313507080078 36
1682048200881 12.003681182861328 37
1682048200921 12.039542198181152 38
1682048200961 12.0722074508667 39
1682048201001 12.101958274841309 40
1682048201041 12.12905216217041 41
1682048201081 12.153724670410156 42
1682048201120 12.176190376281738 43
1682048201159 12.19664478302002 44
1682048201199 12.215266227722168 45
1682048201238 12.232218742370605 46
1682048201278 12.247650146484375 47
1682048201329 12.261696815490723 48
1682048201373 12.274482727050781 49
1682048201416 12.286121368408203 49
