1681172483092 0.243381272831895 0
1681172483274 0.24595142008168322 0
1681172483450 0.24860086221021332 0
1681172483624 0.2500979552541252 0
1681172483820 0.2507538088297263 0
1681172483994 0.25118542001479 0
1681172484168 0.25160371669186876 0
1681172484339 0.2520330654251296 0
1681172484509 0.2524353193479519 0
1681172484689 0.25276458914369765 0
1681172484870 0.2529872839853275 0
1681172485041 0.2530856242845993 0
1681172485213 0.25305472553820435 0
1681172485385 0.25289836821121364 0
1681172485556 0.252625376087147 0
1681172485727 0.2522470282069207 0
1681172485897 0.2517754422011117 0
1681172486069 0.25122257244973306 0
1681172486240 0.25059971193595276 0
1681172486408 0.24991722296948807 0
1681172486579 0.24918444383191382 0
1681172486751 0.24840970201859522 0
1681172486928 0.24760036845385763 0
1681172487098 0.24676291208361195 0
1681172487270 0.2459029932389438 0
1681172487448 0.24502554133759383 0
1681172487629 0.244134826638081 0
1681172487809 0.2432345336830171 0
1681172487979 0.24232781834404737 0
1681172488154 0.24141737828779755 0
