1681153081532 38.06415384350574 0
1681153081698 49.52373174256945 0
1681153081865 59.24929858762869 0
1681153082034 67.62448178505774 0
1681153082207 74.97059794308379 0
1681153082385 81.51887634852636 0
1681153082563 87.43838830485387 0
1681153082738 92.85581535695516 0
1681153082914 97.86728747325795 0
1681153083089 102.54606407170293 0
1681153083259 106.94992452866255 0
1681153083430 111.1296832808547 0
1681153083599 115.13313255909291 0
1681153083766 118.99458525122661 0
1681153083934 122.71779503127287 0
1681153084108 126.28058576580582 0
1681153084285 129.6598033227408 0
1681153084462 132.84673963016587 0
1681153084635 135.84633838232247 0
1681153084804 138.67111897889444 0
1681153084974 141.33637913209705 0
1681153085141 143.85757791573081 0
1681153085308 146.24917011943091 0
1681153085475 148.52419835709665 0
1681153085642 150.69423778060843 0
1681153085811 152.76948852094634 0
1681153085978 154.7589182034667 0
1681153086146 156.67041288527122 0
1681153086314 158.51091771549514 0
1681153086482 160.28656270920138 0
