1681694162781 2598.4021911621094 0
1681694162953 2479.250747680664 0
1681694163126 2437.035614013672 0
1681694163303 2409.4895935058594 0
1681694163479 2389.9940032958984 0
1681694163655 2375.391357421875 0
1681694163840 2363.9598541259766 0
1681694164030 2354.702651977539 0
1681694164212 2347.0078125 0
1681694164391 2340.4798431396484 0
1681694164572 2334.8484497070312 0
1681694164755 2329.9246673583984 0
1681694164947 2325.570510864258 0
1681694165134 2321.6819915771484 0
1681694165318 2318.181350708008 0
1681694165491 2315.006622314453 0
1681694165665 2312.1088256835938 0
1681694165850 2309.4497680664062 0
1681694166040 2306.997085571289 0
1681694166225 2304.7246704101562 0
1681694166406 2302.610809326172 0
1681694166581 2300.6372985839844 0
1681694166761 2298.7884063720703 0
1681694166938 2297.0516052246094 0
1681694167117 2295.415054321289 0
1681694167306 2293.8694763183594 0
1681694167502 2292.405960083008 0
1681694167691 2291.017547607422 0
1681694167869 2289.6976013183594 0
1681694168041 2288.4407501220703 0
1681694168215 2287.2415924072266 0
1681694168397 2286.095993041992 0
1681694168587 2284.999969482422 0
1681694168776 2283.9496154785156 0
1681694168964 2282.9422149658203 0
1681694169150 2281.9743041992188 0
1681694169335 2281.044174194336 0
1681694169518 2280.148727416992 0
1681694169694 2279.286102294922 0
1681694169868 2278.4544525146484 0
1681694170042 2277.651840209961 0
1681694170215 2276.8768005371094 0
1681694170389 2276.1278076171875 0
1681694170561 2275.403305053711 0
1681694170745 2274.702117919922 0
1681694170928 2274.0230560302734 0
1681694171102 2273.3653259277344 0
1681694171277 2272.727828979492 0
1681694171461 2272.1091918945312 0
1681694171636 2271.5091094970703 0
