1681694162793 0.3429824561403509 0
1681694162967 0.36578947368421055 0
1681694163139 0.3675438596491228 0
1681694163315 0.36578947368421055 0
1681694163491 0.3736842105263158 0
1681694163668 0.3798245614035088 0
1681694163853 0.37894736842105264 0
1681694164044 0.37894736842105264 0
1681694164226 0.37894736842105264 0
1681694164403 0.3798245614035088 0
1681694164584 0.37719298245614036 0
1681694164768 0.38070175438596493 0
1681694164961 0.37543859649122807 0
1681694165148 0.37543859649122807 0
1681694165330 0.37543859649122807 0
1681694165502 0.3736842105263158 0
1681694165678 0.37280701754385964 0
1681694165863 0.37280701754385964 0
1681694166052 0.37280701754385964 0
1681694166238 0.37280701754385964 0
1681694166419 0.37105263157894736 0
1681694166593 0.37105263157894736 0
1681694166774 0.37105263157894736 0
1681694166950 0.37105263157894736 0
1681694167130 0.36929824561403507 0
1681694167318 0.36929824561403507 0
1681694167516 0.36929824561403507 0
1681694167704 0.36929824561403507 0
1681694167881 0.36929824561403507 0
1681694168053 0.36929824561403507 0
1681694168227 0.36929824561403507 0
1681694168410 0.36929824561403507 0
1681694168600 0.36929824561403507 0
1681694168788 0.36929824561403507 0
1681694168977 0.36929824561403507 0
1681694169163 0.36929824561403507 0
1681694169347 0.36929824561403507 0
1681694169530 0.36929824561403507 0
1681694169706 0.36929824561403507 0
1681694169880 0.36929824561403507 0
1681694170054 0.36929824561403507 0
1681694170227 0.3701754385964912 0
1681694170401 0.3701754385964912 0
1681694170574 0.3701754385964912 0
1681694170758 0.3701754385964912 0
1681694170940 0.3701754385964912 0
1681694171114 0.3701754385964912 0
1681694171290 0.3701754385964912 0
1681694171473 0.3701754385964912 0
1681694171649 0.3701754385964912 0
