1682457378958 0.38199999999999995 0
1682457379878 0.40166666666666667 0
1682457380785 0.4231666666666667 0
1682457381699 0.4256666666666667 0
1682457382612 0.441 0
1682457383540 0.4523333333333333 0
1682457384454 0.4403333333333333 0
1682457385364 0.45949999999999996 0
1682457386261 0.43283333333333335 0
1682457387150 0.434 0
1682457388046 0.4351666666666667 0
1682457388965 0.432 0
1682457389866 0.4366666666666667 0
1682457390751 0.46366666666666667 0
1682457391632 0.4665000000000001 0
1682457392516 0.4613333333333333 0
1682457393398 0.4821666666666667 0
1682457394278 0.49383333333333335 0
1682457395158 0.5028333333333334 0
1682457396037 0.4956666666666667 0
1682457396916 0.49533333333333335 0
1682457397795 0.4951666666666667 0
1682457398676 0.4661666666666666 0
1682457399555 0.4526666666666667 0
1682457400437 0.4551666666666667 0
1682457401318 0.463 0
1682457402198 0.4723333333333333 0
1682457403076 0.4761666666666667 0
1682457403956 0.47283333333333327 0
1682457404836 0.4825 0
