1682043972817 0.0 0
1682043972857 0.00999726727604866 1
1682043972898 0.013410982675850391 2
1682043972938 0.011280014179646969 3
1682043972978 0.007195260841399431 4
1682043973018 0.0031647472642362118 5
1682043973058 0.0008204970508813858 6
1682043973099 0.0006700950325466692 7
1682043973139 0.00213091098703444 8
1682043973179 0.004323780536651611 9
1682043973218 0.0063343835063278675 10
1682043973257 0.007404660806059837 11
1682043973297 0.007244401145726442 12
1682043973337 0.006062848959118128 13
1682043973376 0.004361225292086601 14
1682043973417 0.0027572198305279016 15
1682043973460 0.001813541050069034 16
1682043973500 0.0018222376238554716 17
1682043973540 0.0027176211588084698 18
1682043973580 0.0041644214652478695 19
1682043973621 0.005686819553375244 20
1682043973663 0.006808519829064608 21
1682043973706 0.007216690108180046 22
1682043973749 0.006870675832033157 23
1682043973793 0.005983802489936352 24
1682043973834 0.0049249567091465 25
1682043973875 0.00409249123185873 26
1682043973916 0.0037724499125033617 27
1682043973958 0.004036309197545052 28
1682043974001 0.004734714049845934 29
1682043974044 0.005567776504904032 30
1682043974086 0.00620212871581316 31
1682043974129 0.0063955881632864475 32
1682043974174 0.0060898964293301105 33
1682043974220 0.005420978181064129 34
1682043974265 0.004653971176594496 35
1682043974309 0.004078769125044346 36
1682043974352 0.003893469925969839 37
1682043974396 0.004131212364882231 38
1682043974438 0.004656797740608454 39
1682043974482 0.005234072916209698 40
1682043974525 0.005624548997730017 41
1682043974569 0.005687494296580553 42
1682043974612 0.00543123297393322 43
1682043974655 0.004998491611331701 44
1682043974699 0.004598642699420452 45
1682043974741 0.004410354886204004 46
1682043974784 0.004507243167608976 47
1682043974827 0.0048308162949979305 48
1682043974869 0.00522560253739357 49
1682043974910 0.0055132219567894936 50
1682043974950 0.005574166774749756 51
1682043974991 0.005398513283580542 52
1682043975032 0.00508453231304884 53
1682043975072 0.004785629920661449 54
1682043975113 0.004635334480553865 55
1682043975152 0.0046875751577317715 56
1682043975193 0.004895723890513182 57
1682043975233 0.005143359769135714 58
1682043975273 0.005304022692143917 59
1682043975314 0.005304038058966398 60
1682043975355 0.0051565770991146564 61
1682043975396 0.004947690758854151 62
1682043975436 0.004788467660546303 63
1682043975478 0.004756507463753223 64
1682043975520 0.004859332460910082 65
1682043975561 0.005034949164837599 66
1682043975603 0.005188464652746916 67
1682043975644 0.00524439150467515 68
1682043975684 0.005182110704481602 69
1682043975730 0.005043730139732361 70
1682043975776 0.0049079423770308495 71
1682043975819 0.004845676943659782 72
1682043975863 0.0048818886280059814 73
1682043975906 0.004986596293747425 74
1682043975948 0.005093249026685953 75
1682043975989 0.00514141283929348 76
1682043976032 0.005108071491122246 77
1682043976077 0.00501757487654686 78
1682043976120 0.004926125518977642 79
1682043976163 0.004886847920715809 80
1682043976205 0.004920412320643663 81
1682043976246 0.005001968238502741 82
1682043976321 0.005083054769784212 83
1682043976362 0.005121915601193905 84
1682043976402 0.005100874695926905 85
1682043976443 0.005040878430008888 86
1682043976484 0.004983521532267332 87
1682043976524 0.004963192157447338 88
1682043976565 0.004989814478904009 89
1682043976605 0.005042183678597212 90
1682043976646 0.005084271542727947 91
1682043976687 0.005089180544018745 92
1682043976727 0.005054907873272896 93
1682043976768 0.005002868827432394 94
1682043976807 0.004963485524058342 95
1682043976849 0.004958055447787046 96
1682043976889 0.004985750652849674 97
1682043976929 0.005024382378906012 98
1682043976969 0.005047040991485119 99
1682043977001 0.005041270516812801 99
