1682043972788 0.0 0
1682043972848 0.009999582543969154 1
1682043972888 0.019895039498806 2
1682043972929 0.029577672481536865 3
1682043972969 0.038900814950466156 4
1682043973009 0.047674164175987244 5
1682043973049 0.05566887557506561 6
1682043973089 0.06263952702283859 7
1682043973130 0.06836564093828201 8
1682043973170 0.07270094752311707 9
1682043973209 0.07560474425554276 10
1682043973248 0.07714008539915085 11
1682043973288 0.07744670659303665 12
1682043973328 0.07670779526233673 13
1682043973367 0.07512415945529938 14
1682043973407 0.07289928197860718 15
1682043973449 0.07023221999406815 16
1682043973491 0.06731429696083069 17
1682043973531 0.06432652473449707 18
1682043973571 0.06143609434366226 19
1682043973611 0.05879141017794609 20
1682043973653 0.05651625618338585 21
1682043973697 0.05470435321331024 22
1682043973739 0.05341560021042824 23
1682043973782 0.05267471447587013 24
1682043973825 0.052472423762083054 25
1682043973865 0.052768778055906296 26
1682043973906 0.053497862070798874 27
1682043973948 0.054573286324739456 28
1682043973991 0.055894188582897186 29
1682043974034 0.05735168978571892 30
1682043974077 0.058835748583078384 31
1682043974119 0.060242243111133575 32
1682043974163 0.06147975102066994 33
1682043974210 0.06247524544596672 34
1682043974255 0.06317800283432007 35
1682043974299 0.06356128305196762 36
1682043974342 0.06362193077802658 37
1682043974386 0.06337830424308777 38
1682043974428 0.06286728382110596 39
1682043974472 0.06214066222310066 40
1682043974515 0.06126132979989052 41
1682043974559 0.06029906123876572 42
1682043974603 0.0593259371817112 43
1682043974645 0.05841134861111641 44
1682043974689 0.05761687830090523 45
1682043974731 0.05699165537953377 46
1682043974775 0.05656879022717476 47
1682043974817 0.05636350065469742 48
1682043974859 0.056373145431280136 49
1682043974900 0.056579023599624634 50
1682043974941 0.05694940313696861 51
1682043974982 0.05744325369596481 52
1682043975022 0.05801406875252724 53
1682043975063 0.05861355736851692 54
1682043975103 0.05919501185417175 55
1682043975143 0.05971639230847359 56
1682043975183 0.0601431280374527 57
1682043975224 0.0604504719376564 58
1682043975264 0.060625217854976654 59
1682043975305 0.060666389763355255 60
1682043975346 0.060584716498851776 61
1682043975387 0.06040087714791298 62
1682043975427 0.06014273688197136 63
1682043975467 0.05984201282262802 64
1682043975510 0.05953090637922287 65
1682043975552 0.05923912674188614 66
1682043975593 0.05899161845445633 67
1682043975634 0.05880698189139366 68
1682043975674 0.058696579188108444 69
1682043975719 0.05866411700844765 70
1682043975766 0.05870574712753296 71
1682043975809 0.05881068855524063 72
1682043975853 0.058962468057870865 73
1682043975897 0.059140775352716446 74
1682043975938 0.05932382494211197 75
1682043975980 0.05949084833264351 76
1682043976022 0.05962436646223068 77
1682043976066 0.05971185117959976 78
1682043976110 0.059746574610471725 79
1682043976153 0.05972767993807793 80
1682043976195 0.059659693390131 81
1682043976236 0.0595516711473465 82
1682043976292 0.05941609665751457 83
1682043976352 0.05926765128970146 84
1682043976392 0.05912183225154877 85
1682043976434 0.058993346989154816 86
1682043976475 0.0588945634663105 87
1682043976515 0.05883418023586273 88
1682043976556 0.05881636217236519 89
1682043976596 0.058840565383434296 90
1682043976636 0.05890196934342384 91
1682043976677 0.05899237096309662 92
1682043976718 0.05910133942961693 93
1682043976758 0.05921740084886551 94
1682043976798 0.05932914838194847 95
1682043976839 0.05942625179886818 96
1682043976879 0.059500377625226974 97
1682043976920 0.05954597145318985 98
1682043976960 0.05956074967980385 99
1682043976991 0.059545811265707016 99
