1682043972821 0.0 0
1682043972862 -0.009996875189244747 1
1682043972902 -0.012340200133621693 2
1682043972943 -0.009854008443653584 3
1682043972983 -0.006124434061348438 4
1682043973023 -0.0035025416873395443 5
1682043973063 -0.003252882044762373 6
1682043973104 -0.0049111428670585155 7
1682043973143 -0.007452948950231075 8
1682043973183 -0.009779837913811207 9
1682043973223 -0.01097084954380989 10
1682043973262 -0.010745037347078323 11
1682043973302 -0.009448216296732426 12
1682043973341 -0.00772484578192234 13
1682043973381 -0.006296013481914997 14
1682043973422 -0.005710314959287643 15
1682043973464 -0.006106452085077763 16
1682043973505 -0.007225065026432276 17
1682043973545 -0.008574534207582474 18
1682043973585 -0.009610441513359547 19
1682043973626 -0.009946099482476711 20
1682043973668 -0.009510904550552368 21
1682043973711 -0.008539561182260513 22
1682043973754 -0.007448873482644558 23
1682043973798 -0.00667555583640933 24
1682043973839 -0.006498335395008326 25
1682043973879 -0.006927869748324156 26
1682043973921 -0.007729404140263796 27
1682043973963 -0.008536510169506073 28
1682043974006 -0.00900486670434475 29
1682043974049 -0.00895986333489418 30
1682043974091 -0.008461488410830498 31
1682043974134 -0.007759090047329664 32
1682043974180 -0.0071730841882526875 33
1682043974225 -0.006951214279979467 34
1682043974271 -0.007159713190048933 35
1682043974314 -0.007665794342756271 36
1682043974357 -0.008211697451770306 37
1682043974400 -0.008538687601685524 38
1682043974443 -0.008508458733558655 39
1682043974487 -0.008161195553839207 40
1682043974530 -0.007684231270104647 41
1682043974574 -0.007313598413020372 42
1682043974617 -0.0072170766070485115 43
1682043974660 -0.007415571250021458 44
1682043974703 -0.007782700005918741 45
1682043974746 -0.00811796449124813 46
1682043974789 -0.008252281695604324 47
1682043974832 -0.00813291221857071 48
1682043974874 -0.007842877879738808 49
1682043974914 -0.007548660039901733 50
1682043974955 -0.00740739144384861 51
1682043974996 -0.007483730558305979 52
1682043975036 -0.0077211009338498116 53
1682043975077 -0.007980529218912125 54
1682043975117 -0.008121756836771965 55
1682043975157 -0.008080380037426949 56
1682043975197 -0.007898494601249695 57
1682043975238 -0.007693461608141661 58
1682043975278 -0.0075865210965275764 59
1682043975319 -0.0076332394964993 60
1682043975360 -0.00779593363404274 61
1682043975400 -0.007972226478159428 62
1682043975441 -0.008059363812208176 63
1682043975483 -0.008014923892915249 64
1682043975525 -0.007877697236835957 65
1682043975566 -0.007738725747913122 66
1682043975608 -0.007682704366743565 67
1682043975648 -0.007736867759376764 68
1682043975689 -0.00785871408879757 69
1682043975736 -0.007967171259224415 70
1682043975781 -0.00799566600471735 71
1682043975825 -0.007932691834867 72
1682043975868 -0.007825071923434734 73
1682043975910 -0.0077438573352992535 74
1682043975953 -0.007737389765679836 75
1682043975994 -0.00780160678550601 76
1682043976038 -0.007886814884841442 77
1682043976082 -0.007933560758829117 78
1682043976125 -0.007912279106676579 79
1682043976168 -0.0078407172113657 80
1682043976210 -0.007768603507429361 81
1682043976250 -0.007742441724985838 82
1682043976326 -0.007774156052619219 83
1682043976366 -0.007835698314011097 84
1682043976407 -0.00788186863064766 85
1682043976448 -0.007881993427872658 86
1682043976489 -0.007840147241950035 87
1682043976529 -0.007789738941937685 88
1682043976570 -0.007767619099467993 89
1682043976610 -0.007788187358528376 90
1682043976651 -0.007834823802113533 91
1682043976691 -0.007873931899666786 92
1682043976732 -0.007880102843046188 93
1682043976772 -0.007853636518120766 94
1682043976813 -0.007818125188350677 95
1682043976853 -0.007801317609846592 96
1682043976893 -0.00781461875885725 97
1682043976933 -0.007846224121749401 98
1682043976973 -0.007871599867939949 99
1682043977005 -0.007872501388192177 99
