1682043964434 78.88241153293185 1
1682043965029 79.6336407131619 2
1682043965622 79.90768093532986 3
1682043966166 80.02459462483723 4
1682043966702 80.11148240831163 5
1682043967233 80.1129379272461 6
1682043967764 80.11331346299913 7
1682043968294 80.11343383789062 8
1682043968825 80.11346944173177 9
1682043969381 80.11348470052083 10
1682043969944 80.11349317762587 11
1682043970500 80.11349487304688 12
1682043971072 80.1135025024414 13
1682043971648 80.11350335015192 14
1682043972238 80.1135016547309 15
1682043977560 80.11349995930989 16
