1681175127939 2608.7687377929688 0
1681175128145 2497.5748596191406 0
1681175128335 2452.334426879883 0
1681175128530 2423.879928588867 0
1681175128729 2402.9322204589844 0
1681175128912 2386.3827056884766 0
1681175129119 2373.0001068115234 0
1681175129316 2362.094284057617 0
1681175129503 2353.1114807128906 0
1681175129693 2345.6018676757812 0
1681175129877 2339.2235107421875 0
1681175130064 2333.7250213623047 0
1681175130248 2328.921920776367 0
1681175130431 2324.6780395507812 0
1681175130615 2320.8909759521484 0
1681175130799 2317.4820404052734 0
1681175130996 2314.390335083008 0
1681175131186 2311.5682830810547 0
1681175131373 2308.976806640625 0
1681175131569 2306.5849609375 0
1681175131769 2304.3672485351562 0
1681175131959 2302.3023986816406 0
1681175132143 2300.372848510742 0
1681175132328 2298.563232421875 0
1681175132524 2296.861282348633 0
1681175132710 2295.256332397461 0
1681175132894 2293.738784790039 0
1681175133077 2292.300735473633 0
1681175133263 2290.9351501464844 0
1681175133449 2289.6355590820312 0
1681175175391 2640.8070373535156 0
1681175240928 2606.2193298339844 0
1681175249712 2630.697219848633 0
1681175256371 2633.0016326904297 0
1681175346589 2649.9842529296875 0
1681175361421 2612.5923767089844 0
1681175361638 2478.7420654296875 0
1681175361835 2442.2515411376953 0
1681175362032 2417.554946899414 0
1681175362226 2398.566940307617 0
1681175362418 2383.2020568847656 0
1681175362625 2370.616409301758 0
1681175362817 2360.2594146728516 0
1681175363015 2351.647232055664 0
1681175363212 2344.381805419922 0
1681175363414 2338.1592712402344 0
1681175363623 2332.7557220458984 0
1681175363820 2328.0064239501953 0
1681175364023 2323.7880249023438 0
1681175364220 2320.0083618164062 0
1681175364417 2316.5956115722656 0
1681175364613 2313.4939880371094 0
1681175364808 2310.658447265625 0
1681175365005 2308.053466796875 0
1681175365201 2305.649185180664 0
1681175365396 2303.421096801758 0
1681175365590 2301.3484802246094 0
1681175365786 2299.414321899414 0
1681175365981 2297.6036682128906 0
1681175366178 2295.9036560058594 0
1681175366372 2294.3040466308594 0
1681175366582 2292.7945709228516 0
1681175366777 2291.3675994873047 0
1681175366973 2290.0154418945312 0
1681175367171 2288.7317504882812 0
1681175423510 2655.760025024414 0
1681175423709 2520.361068725586 0
1681175423900 2459.513671875 0
1681175424092 2425.1385040283203 0
1681175424285 2402.492385864258 0
1681175424481 2386.126708984375 0
1681175424681 2373.572494506836 0
1681175424881 2363.5350952148438 0
1681175425082 2355.2625122070312 0
1681175425304 2348.283935546875 0
1681175425510 2342.2879333496094 0
1681175425712 2337.0579681396484 0
1681175425914 2332.4396209716797 0
1681175426124 2328.3181762695312 0
1681175426332 2324.6067962646484 0
1681175426542 2321.2395782470703 0
1681175426751 2318.1629791259766 0
1681175426958 2315.335693359375 0
1681175427178 2312.7235565185547 0
1681175427405 2310.2991790771484 0
1681175427614 2308.0391693115234 0
1681175427810 2305.9249572753906 0
1681175428004 2303.940170288086 0
1681175428206 2302.071075439453 0
1681175428417 2300.3059844970703 0
1681175428623 2298.634994506836 0
1681175428832 2297.04931640625 0
1681175429040 2295.54150390625 0
1681175429253 2294.1046600341797 0
1681175429463 2292.7337646484375 0
1681175484553 2629.982162475586 0
1681175484743 2508.7024841308594 0
1681175484933 2464.150421142578 0
1681175485130 2437.0101776123047 0
1681175485323 2417.928726196289 0
1681175485514 2403.3845825195312 0
1681175485707 2391.6175537109375 0
1681175485901 2381.5997314453125 0
1681175486094 2372.690139770508 0
1681175486289 2364.5133056640625 0
1681175486485 2356.922897338867 0
1681175486679 2349.938232421875 0
1681175486874 2343.6226806640625 0
1681175487072 2337.99072265625 0
1681175487269 2332.9957733154297 0
1681175487464 2328.559539794922 0
1681175487660 2324.5994262695312 0
1681175487856 2321.040725708008 0
1681175488053 2317.820571899414 0
1681175488254 2314.887176513672 0
1681175488459 2312.198196411133 0
1681175488662 2309.719970703125 0
1681175488861 2307.4241333007812 0
1681175489059 2305.2879333496094 0
1681175489257 2303.292266845703 0
1681175489455 2301.4204864501953 0
1681175489651 2299.6597900390625 0
1681175489847 2297.999069213867 0
1681175490043 2296.427780151367 0
1681175490245 2294.9378967285156 0
1681175515287 2582.362319946289 0
1681175515480 2475.3595581054688 0
1681175515671 2437.6294708251953 0
1681175515866 2412.1682891845703 0
1681175516080 2392.9773864746094 0
1681175516283 2377.9308166503906 0
1681175516478 2365.910675048828 0
1681175516672 2356.130111694336 0
1681175516877 2348.0152587890625 0
1681175517086 2341.1568145751953 0
1681175517298 2335.265182495117 0
1681175517508 2330.1336364746094 0
1681175517706 2325.6109008789062 0
1681175517896 2321.58447265625 0
1681175518085 2317.9692993164062 0
1681175518276 2314.6993560791016 0
1681175518465 2311.7219848632812 0
1681175518655 2308.995849609375 0
1681175518845 2306.4871215820312 0
1681175519037 2304.167724609375 0
1681175519229 2302.0147705078125 0
1681175519419 2300.008819580078 0
1681175519609 2298.13330078125 0
1681175519801 2296.3741912841797 0
1681175519990 2294.719757080078 0
1681175520181 2293.159439086914 0
1681175520371 2291.684371948242 0
1681175520561 2290.2869567871094 0
1681175520752 2288.959915161133 0
1681175520943 2287.6978454589844 0
