1681152640070 13826.610656738281 0
1681152640913 13210.603240966797 0
1681152641727 12998.440307617188 0
1681152642537 12844.979583740234 0
1681152643394 12726.497619628906 0
1681152644228 12632.189971923828 0
1681152645060 12555.201141357422 0
1681152645873 12490.853454589844 0
1681152646702 12435.95669555664 0
1681152647560 12388.319549560547 0
1681152648518 12346.399963378906 0
1681152649408 12309.082244873047 0
1681152650306 12275.539611816406 0
1681152651198 12245.140838623047 0
1681152652045 12217.397247314453 0
1681152652933 12191.918701171875 0
1681152653777 12168.396423339844 0
1681152654611 12146.578399658203 0
1681152655461 12126.25131225586 0
1681152656382 12107.242004394531 0
1681152657283 12089.405151367188 0
1681152658161 12072.616729736328 0
1681152659025 12056.767272949219 0
1681152659905 12041.768463134766 0
1681152660737 12027.537475585938 0
1681152661620 12014.00991821289 0
1681152662492 12001.119445800781 0
1681152663363 11988.816772460938 0
1681152664266 11977.052825927734 0
1681152665147 11965.78662109375 0
1681152805618 2723.404541015625 0
1681152805793 2673.9002838134766 0
1681152805950 2630.8738708496094 0
1681152806111 2598.0108947753906 0
1681152806273 2572.1219787597656 0
1681152806437 2551.1365966796875 0
1681152806596 2533.640655517578 0
1681152806767 2518.687026977539 0
1681152806935 2505.636962890625 0
1681152807092 2494.0520935058594 0
1681152807246 2483.628387451172 0
1681152807402 2474.155227661133 0
1681152807554 2465.4845275878906 0
1681152807710 2457.510757446289 0
1681152807865 2450.1546325683594 0
1681152808020 2443.352752685547 0
1681152808175 2437.0520935058594 0
1681152808330 2431.205032348633 0
1681152808486 2425.769058227539 0
1681152808640 2420.7057342529297 0
1681152808798 2415.9793395996094 0
1681152808956 2411.5589904785156 0
1681152809118 2407.415328979492 0
1681152809284 2403.5231170654297 0
1681152809446 2399.8594818115234 0
1681152809609 2396.4041900634766 0
1681152809772 2393.1393280029297 0
1681152809928 2390.047637939453 0
1681152810085 2387.115707397461 0
1681152810241 2384.329849243164 0
1681152818116 2657.564712524414 0
1681152818273 2519.4738006591797 0
1681152818430 2460.308090209961 0
1681152818592 2426.730453491211 0
1681152818755 2404.4666290283203 0
1681152818921 2388.2705078125 0
1681152819084 2375.7757263183594 0
1681152819243 2365.739791870117 0
1681152819402 2357.4353790283203 0
1681152819560 2350.404983520508 0
1681152819718 2344.343017578125 0
1681152819876 2339.037078857422 0
1681152820035 2334.334915161133 0
1681152820192 2330.1243591308594 0
1681152820351 2326.32080078125 0
1681152820508 2322.8600463867188 0
1681152820667 2319.6920471191406 0
1681152820827 2316.7771759033203 0
1681152820987 2314.0826110839844 0
1681152821146 2311.5823364257812 0
1681152821304 2309.2535705566406 0
1681152821463 2307.077865600586 0
1681152821621 2305.0382690429688 0
1681152821779 2303.121109008789 0
1681152821936 2301.314498901367 0
1681152822094 2299.607192993164 0
1681152822252 2297.9902954101562 0
1681152822411 2296.4553833007812 0
1681152822568 2294.9950561523438 0
1681152822728 2293.603317260742 0
1681153081520 2610.9502563476562 0
1681153081687 2489.4139099121094 0
1681153081854 2452.2269592285156 0
1681153082023 2428.8295135498047 0
1681153082196 2412.1192474365234 0
1681153082373 2399.331253051758 0
1681153082552 2389.068374633789 0
1681153082726 2380.5198364257812 0
1681153082903 2373.1714630126953 0
1681153083078 2366.6766815185547 0
1681153083248 2360.782958984375 0
1681153083419 2355.2805786132812 0
1681153083588 2349.972869873047 0
1681153083755 2344.7149505615234 0
1681153083923 2339.501922607422 0
1681153084097 2334.475112915039 0
1681153084274 2329.7955932617188 0
1681153084451 2325.539779663086 0
1681153084624 2321.705062866211 0
1681153084794 2318.2491607666016 0
1681153084963 2315.120620727539 0
1681153085130 2312.2709045410156 0
1681153085297 2309.6588287353516 0
1681153085464 2307.2501220703125 0
1681153085631 2305.0170288085938 0
1681153085800 2302.936981201172 0
1681153085967 2300.9905700683594 0
1681153086135 2299.163314819336 0
1681153086303 2297.441864013672 0
1681153086471 2295.8155975341797 0
