1682447906727 0.326 0
1682447907268 0.34400000000000003 0
1682447907834 0.35966666666666663 0
1682447908392 0.3534999999999999 0
1682447908938 0.34650000000000003 0
1682447909485 0.35733333333333334 0
1682447910019 0.3575 0
1682447910552 0.36966666666666664 0
1682447911086 0.3633333333333333 0
1682447911621 0.36166666666666664 0
1682447912173 0.3793333333333333 0
1682447912728 0.35733333333333334 0
1682447913287 0.38349999999999995 0
1682447913836 0.3953333333333333 0
1682447914409 0.3866666666666667 0
1682447914976 0.39466666666666667 0
1682447915566 0.39716666666666667 0
1682447916177 0.4136666666666667 0
1682447916754 0.411 0
1682447917343 0.403 0
1682447917930 0.4116666666666666 0
1682447918520 0.4088333333333333 0
1682447919109 0.41916666666666663 0
1682447919662 0.4128333333333334 0
1682447920244 0.4015 0
1682447920835 0.4136666666666667 0
1682447921380 0.41216666666666674 0
1682447921954 0.41066666666666674 0
1682447922523 0.4025000000000001 0
1682447923080 0.41333333333333333 0
1682447923664 0.40166666666666667 0
1682447924256 0.40716666666666673 0
1682447924831 0.418 0
1682447925359 0.4018333333333333 0
1682447925911 0.4048333333333333 0
1682447926434 0.4086666666666667 0
1682447926959 0.41283333333333333 0
1682447927481 0.401 0
1682447928005 0.41066666666666674 0
1682447928532 0.41783333333333333 0
