1682082339164 0.0 0
1682082339216 0.9997267127037048 1
1682082339261 1.7842029333114624 2
1682082339304 2.4671950340270996 3
1682082339349 3.2242419719696045 4
1682082339394 4.065028667449951 5
1682082339443 4.922308921813965 6
1682082339490 5.739652633666992 7
1682082339534 6.493028163909912 8
1682082339577 7.177733421325684 9
1682082339621 7.796916961669922 10
1682082339663 8.356199264526367 11
1682082339704 8.861578941345215 12
1682082339745 9.31869888305664 13
1682082339786 9.732635498046875 14
1682082339829 10.107881546020508 15
1682082339871 10.448394775390625 16
1682082339915 10.757658958435059 17
1682082339960 11.038752555847168 18
1682082340005 11.294403076171875 19
1682082340051 11.527033805847168 20
1682082340094 11.738809585571289 21
1682082340138 11.931666374206543 22
1682082340184 12.107341766357422 23
1682082340229 12.267399787902832 24
1682082340274 12.413251876831055 25
1682082340317 12.546174049377441 26
1682082340360 12.667320251464844 27
1682082340403 12.777738571166992 28
1682082340443 12.878378868103027 29
1682082340484 12.97010612487793 30
1682082340525 13.053707122802734 31
1682082340566 13.129897117614746 32
1682082340608 13.199329376220703 33
1682082340649 13.262598037719727 34
1682082340688 13.320244789123535 35
1682082340729 13.372764587402344 36
1682082340770 13.420607566833496 37
1682082340811 13.46418571472168 38
1682082340852 13.503874778747559 39
1682082340892 13.540018081665039 40
1682082340933 13.572930335998535 41
1682082340973 13.602896690368652 42
1682082341014 13.63017749786377 43
1682082341054 13.655011177062988 44
1682082341095 13.67761516571045 45
1682082341136 13.698188781738281 46
1682082341176 13.716911315917969 47
1682082341217 13.733949661254883 48
1682082341258 13.7494535446167 49
1682082341291 13.763562202453613 49
