1682082339158 0.0 0
1682082339211 0.9999576210975647 1
1682082339256 1.9841535091400146 2
1682082339299 2.9487810134887695 3
1682082339344 3.784308910369873 4
1682082339388 4.495020389556885 5
1682082339437 5.107698917388916 6
1682082339484 5.642846584320068 7
1682082339529 6.114526748657227 8
1682082339573 6.533271312713623 9
1682082339615 6.907051086425781 10
1682082339658 7.242048263549805 11
1682082339700 7.543255805969238 12
1682082339741 7.814802169799805 13
1682082339782 8.06011962890625 14
1682082339823 8.282096862792969 15
1682082339866 8.483278274536133 16
1682082339910 8.66578197479248 17
1682082339955 8.831512451171875 18
1682082340000 8.982123374938965 19
1682082340046 9.119050979614258 20
1682082340089 9.243657112121582 21
1682082340133 9.35707950592041 22
1682082340178 9.460333824157715 23
1682082340223 9.55435848236084 24
1682082340269 9.639995574951172 25
1682082340312 9.718019485473633 26
1682082340355 9.789093017578125 27
1682082340398 9.8538236618042 28
1682082340439 9.912811279296875 29
1682082340479 9.966548919677734 30
1682082340520 10.015543937683105 31
1682082340562 10.060178756713867 32
1682082340603 10.100861549377441 33
1682082340644 10.137981414794922 34
1682082340684 10.171833038330078 35
1682082340724 10.2027006149292 36
1682082340765 10.2307767868042 37
1682082340806 10.256300926208496 38
1682082340847 10.27954387664795 39
1682082340887 10.30069637298584 40
1682082340928 10.319972038269043 41
1682082340969 10.337532043457031 42
1682082341009 10.35349178314209 43
1682082341050 10.3679838180542 44
1682082341090 10.381158828735352 45
1682082341131 10.393166542053223 46
1682082341172 10.404052734375 47
1682082341212 10.413935661315918 48
1682082341253 10.422917366027832 49
1682082341287 10.431105613708496 49
