1682082339174 0.0 0
1682082339225 -0.9992837905883789 1
1682082339268 -1.8251923322677612 2
1682082339312 -2.646716356277466 3
1682082339356 -3.5164904594421387 4
1682082339403 -4.295581817626953 5
1682082339452 -4.972057342529297 6
1682082339497 -5.56337833404541 7
1682082339542 -6.084733963012695 8
1682082339585 -6.547569751739502 9
1682082339628 -6.9606404304504395 10
1682082339670 -7.3308281898498535 11
1682082339711 -7.663675785064697 12
1682082339752 -7.963737487792969 13
1682082339793 -8.234817504882812 14
1682082339836 -8.480137825012207 15
1682082339878 -8.702459335327148 16
1682082339923 -8.904170036315918 17
1682082339968 -9.087352752685547 18
1682082340013 -9.253836631774902 19
1682082340059 -9.405238151550293 20
1682082340101 -9.54299259185791 21
1682082340147 -9.668379783630371 22
1682082340191 -9.782546043395996 23
1682082340238 -9.886520385742188 24
1682082340282 -9.981229782104492 25
1682082340325 -10.067510604858398 26
1682082340368 -10.146119117736816 27
1682082340410 -10.217741012573242 28
1682082340450 -10.282997131347656 29
1682082340491 -10.342453002929688 30
1682082340532 -10.396621704101562 31
1682082340574 -10.445969581604004 32
1682082340615 -10.490922927856445 33
1682082340655 -10.531868934631348 34
1682082340695 -10.569161415100098 35
1682082340736 -10.603121757507324 36
1682082340777 -10.63404369354248 37
1682082340818 -10.662196159362793 38
1682082340859 -10.687823295593262 39
1682082340899 -10.711148262023926 40
1682082340940 -10.732375144958496 41
1682082340980 -10.751689910888672 42
1682082341021 -10.769262313842773 43
1682082341061 -10.785246849060059 44
1682082341102 -10.799784660339355 45
1682082341143 -10.813004493713379 46
1682082341184 -10.825024604797363 47
1682082341224 -10.835952758789062 48
1682082341266 -10.845885276794434 49
1682082341298 -10.854912757873535 49
