1682082339161 0.0 0
1682082339213 0.9999697804450989 1
1682082339259 1.8617322444915771 2
1682082339302 2.757023811340332 3
1682082339347 3.662446975708008 4
1682082339391 4.4854583740234375 5
1682082339440 5.208332538604736 6
1682082339487 5.842709541320801 7
1682082339532 6.402708053588867 8
1682082339575 6.900061130523682 9
1682082339618 7.344017028808594 10
1682082339661 7.741913795471191 11
1682082339702 8.099687576293945 12
1682082339743 8.422226905822754 13
1682082339784 8.713616371154785 14
1682082339826 8.977313995361328 15
1682082339868 9.216293334960938 16
1682082339913 9.433115005493164 17
1682082339957 9.630019187927246 18
1682082340002 9.80897331237793 19
1682082340048 9.971710205078125 20
1682082340092 10.119781494140625 21
1682082340136 10.254560470581055 22
1682082340181 10.377275466918945 23
1682082340226 10.489034652709961 24
1682082340272 10.59083366394043 25
1682082340314 10.683574676513672 26
1682082340358 10.768067359924316 27
1682082340400 10.845046997070312 28
1682082340441 10.915186882019043 29
1682082340482 10.979090690612793 30
1682082340523 11.037317276000977 31
1682082340564 11.090362548828125 32
1682082340606 11.138687133789062 33
1682082340647 11.182713508605957 34
1682082340686 11.222817420959473 35
1682082340726 11.259344100952148 36
1682082340768 11.292598724365234 37
1682082340808 11.322869300842285 38
1682082340849 11.350425720214844 39
1682082340890 11.375506401062012 40
1682082340931 11.398335456848145 41
1682082340971 11.419110298156738 42
1682082341011 11.438009262084961 43
1682082341052 11.455196380615234 44
1682082341092 11.470827102661133 45
1682082341134 11.485045433044434 46
1682082341174 11.497968673706055 47
1682082341214 11.50971508026123 48
1682082341256 11.520392417907715 49
1682082341289 11.530099868774414 49
