1681151887907 13299.667602539062 0
1681151888776 12551.251007080078 0
1681151889609 12352.9169921875 0
1681151890485 12224.910675048828 0
1681151891373 12128.144897460938 0
1681151892215 12052.113494873047 0
1681151893078 11992.257843017578 0
1681151893933 11943.086486816406 0
1681151894812 11901.447021484375 0
1681151895669 11865.383239746094 0
1681151896511 11833.64926147461 0
1681151897345 11805.474487304688 0
1681151898179 11780.518280029297 0
1681151899014 11759.068939208984 0
1681151899848 11739.985870361328 0
1681151900680 11722.525268554688 0
1681151901552 11706.309265136719 0
1681151902384 11691.301300048828 0
1681151903247 11677.390533447266 0
1681151904121 11664.42724609375 0
1681151904984 11652.351593017578 0
