1681694308768 0.2551136492447644 0
1681694308952 0.29190457362897004 0
1681694309136 0.3136495034103944 0
1681694309315 0.3273005461366454 0
1681694309495 0.3361794987275933 0
1681694309677 0.3421948219292734 0
1681694309941 0.3464211413148711 0
1681694310135 0.349476125267553 0
1681694310315 0.3517299023894752 0
1681694310495 0.3534146592003534 0
1681694310678 0.35468240122484845 0
1681694310859 0.3556365172074961 0
1681694311038 0.35634959265535027 0
1681694311216 0.3568741849101642 0
1681694311396 0.3572491868015374 0
1681694311574 0.3575040334064773 0
1681694311750 0.3576614272287875 0
1681694311929 0.3577391453643508 0
1681694312106 0.35775132343565746 0
1681694312286 0.35770932391727284 0
1681694312463 0.3576224409387748 0
1681694312641 0.3574980406002477 0
1681694312818 0.3573426746403904 0
1681694312996 0.3571613119407169 0
1681694313175 0.3569584941780643 0
1681694313353 0.3567378339688687 0
1681694313532 0.3565024766640009 0
1681694313715 0.35625513319277186 0
1681694313901 0.3559977201409841 0
1681694314089 0.3557326905970962 0
1681694314277 0.3554609231125963 0
1681694314466 0.35518442324987015 0
1681694314648 0.3549041042836537 0
1681694314829 0.35462136873123346 0
1681694315007 0.3543359042417419 0
1681694315185 0.3540494993447496 0
1681694315364 0.35376234256905914 0
1681694315541 0.35347543454980335 0
1681694315720 0.3531880087807988 0
1681694315900 0.3529012498919648 0
1681694316077 0.3526149608962572 0
1681694316259 0.35232904587896124 0
1681694316441 0.35204454409371383 0
1681694316634 0.3517617054020281 0
1681694316816 0.35147867319691783 0
1681694316995 0.3511973827589544 0
1681694317181 0.3509172332873667 0
1681694317361 0.3506381100551965 0
1681694317538 0.35036011691802943 0
1681694317717 0.3500830847402847 0
