1682043972791 0.0 0
1682043972850 0.009999818168580532 1
1682043972891 0.019972749054431915 2
1682043972931 0.029896514490246773 3
1682043972971 0.039745625108480453 4
1682043973012 0.049491409212350845 5
1682043973051 0.05910181999206543 6
1682043973092 0.06854110211133957 7
1682043973132 0.07776925712823868 8
1682043973172 0.08674153685569763 9
1682043973212 0.09540815651416779 10
1682043973251 0.10371442139148712 11
1682043973290 0.11160152405500412 12
1682043973330 0.11900810152292252 13
1682043973370 0.12587252259254456 14
1682043973410 0.13213574886322021 15
1682043973452 0.13774456083774567 16
1682043973493 0.1426546424627304 17
1682043973533 0.14683327078819275 18
1682043973573 0.15026123821735382 19
1682043973613 0.15293386578559875 20
1682043973656 0.15486107766628265 21
1682043973699 0.1560666710138321 22
1682043973741 0.1565869152545929 23
1682043973785 0.15646880865097046 24
1682043973827 0.15576808154582977 25
1682043973867 0.15454722940921783 26
1682043973909 0.15287353098392487 27
1682043973950 0.15081730484962463 28
1682043973993 0.14845037460327148 29
1682043974036 0.14584463834762573 30
1682043974079 0.1430709958076477 31
1682043974121 0.1401982605457306 32
1682043974166 0.13729237020015717 33
1682043974213 0.13441547751426697 34
1682043974258 0.1316252052783966 35
1682043974302 0.12897376716136932 36
1682043974344 0.12650714814662933 37
1682043974388 0.12426432222127914 38
1682043974431 0.122276671230793 39
1682043974474 0.12056756764650345 40
1682043974518 0.11915230005979538 41
1682043974561 0.11803823709487915 42
1682043974605 0.1172252893447876 43
1682043974647 0.11670650541782379 44
1682043974691 0.11646880209445953 45
1682043974733 0.11649372428655624 46
1682043974777 0.11675824224948883 47
1682043974820 0.11723558604717255 48
1682043974861 0.11789611726999283 49
1682043974902 0.11870822310447693 50
1682043974943 0.11963920295238495 51
1682043974984 0.12065614014863968 52
1682043975025 0.12172669172286987 53
1682043975065 0.12281978130340576 54
1682043975106 0.12390617281198502 55
1682043975146 0.12495898455381393 56
1682043975186 0.12595410645008087 57
1682043975226 0.12687060236930847 58
1682043975267 0.12769100069999695 59
1682043975308 0.12840159237384796 60
1682043975348 0.12899257242679596 61
1682043975389 0.12945805490016937 62
1682043975429 0.12979599833488464 63
1682043975470 0.13000798225402832 64
1682043975513 0.13009890913963318 65
1682043975554 0.13007666170597076 66
1682043975596 0.12995168566703796 67
1682043975637 0.12973657250404358 68
1682043975677 0.12944555282592773 69
1682043975723 0.1290939748287201 70
1682043975768 0.12869775295257568 71
1682043975812 0.12827280163764954 72
1682043975855 0.12783454358577728 73
1682043975899 0.12739746272563934 74
1682043975941 0.12697471678256989 75
1682043975982 0.12657785415649414 76
1682043976025 0.1262165755033493 77
1682043976069 0.1258985996246338 78
1682043976112 0.12562958896160126 79
1682043976156 0.12541311979293823 80
1682043976198 0.12525078654289246 81
1682043976239 0.12514232099056244 82
1682043976295 0.12508581578731537 83
1682043976354 0.1250779628753662 84
1682043976395 0.1251142919063568 85
1682043976436 0.12518945336341858 86
1682043976477 0.125297412276268 87
1682043976517 0.12543176114559174 88
1682043976558 0.1255858838558197 89
1682043976598 0.1257532238960266 90
1682043976639 0.1259274184703827 91
1682043976680 0.126102477312088 92
1682043976720 0.12627293169498444 93
1682043976761 0.12643387913703918 94
1682043976801 0.1265811175107956 95
1682043976842 0.1267111450433731 96
1682043976882 0.12682123482227325 97
1682043976922 0.12690947949886322 98
1682043976962 0.12697474658489227 99
1682043976994 0.12701670825481415 99
