1682043972812 0.0 0
1682043972852 0.009999576024711132 1
1682043972893 0.01987798884510994 2
1682043972933 0.02949989028275013 3
1682043972974 0.03867189958691597 4
1682043973014 0.047135986387729645 5
1682043973054 0.0545855350792408 6
1682043973094 0.06071808189153671 7
1682043973134 0.06531514972448349 8
1682043973174 0.06830283999443054 9
1682043973214 0.06975454837083817 10
1682043973253 0.0698462650179863 11
1682043973293 0.06880379468202591 12
1682043973332 0.06686624884605408 13
1682043973372 0.06426931172609329 14
1682043973412 0.061239562928676605 15
1682043973455 0.057994406670331955 16
1682043973495 0.054741036146879196 17
1682043973535 0.051672425121068954 18
1682043973576 0.04895978793501854 19
1682043973616 0.04674232751131058 20
1682043973658 0.045117877423763275 21
1682043973702 0.04413703456521034 22
1682043973744 0.04380284994840622 23
1682043973787 0.04407567158341408 24
1682043973830 0.04488097131252289 25
1682043973870 0.04611823335289955 26
1682043973911 0.04766915366053581 27
1682043973953 0.04940542206168175 28
1682043973996 0.0511963814496994 29
1682043974039 0.052915919572114944 30
1682043974082 0.05445026978850365 31
1682043974124 0.05570468679070473 32
1682043974169 0.056609753519296646 33
1682043974215 0.05712541937828064 34
1682043974261 0.05724227800965309 35
1682043974304 0.056980546563863754 36
1682043974347 0.05638604238629341 37
1682043974391 0.05552525445818901 38
1682043974433 0.05447882041335106 39
1682043974477 0.053335271775722504 40
1682043974520 0.052184030413627625 41
1682043974564 0.05110935494303703 42
1682043974607 0.05018426477909088 43
1682043974650 0.049465738236904144 44
1682043974694 0.0489916168153286 45
1682043974736 0.048778168857097626 46
1682043974779 0.048820506781339645 47
1682043974822 0.0490940660238266 48
1682043974864 0.04955796152353287 49
1682043974905 0.05015920102596283 50
1682043974945 0.05083785578608513 51
1682043974987 0.051532454788684845 52
1682043975027 0.052185408771038055 53
1682043975067 0.05274736508727074 54
1682043975108 0.05318058654665947 55
1682043975148 0.0534614622592926 56
1682043975188 0.05358119308948517 57
1682043975228 0.05354565754532814 58
1682043975269 0.05337364226579666 59
1682043975310 0.05309441313147545 60
1682043975351 0.05274464935064316 61
1682043975391 0.05236434191465378 62
1682043975431 0.051992859691381454 63
1682043975473 0.05166512355208397 64
1682043975515 0.05140875279903412 65
1682043975556 0.051242005079984665 66
1682043975598 0.051172878593206406 67
1682043975639 0.05119940638542175 68
1682043975679 0.0513102188706398 69
1682043975725 0.05148649960756302 70
1682043975771 0.05170443654060364 71
1682043975815 0.051937904208898544 72
1682043975858 0.05216110870242119 73
1682043975901 0.05235138162970543 74
1682043975943 0.05249091237783432 75
1682043975985 0.05256882309913635 76
1682043976027 0.05258139595389366 77
1682043976072 0.052531830966472626 78
1682043976115 0.05242964252829552 79
1682043976158 0.05228906124830246 80
1682043976200 0.052127376198768616 81
1682043976241 0.05196232721209526 82
1682043976298 0.051811058074235916 83
1682043976357 0.05168846249580383 84
1682043976397 0.05160461738705635 85
1682043976439 0.05156518518924713 86
1682043976480 0.051570694893598557 87
1682043976520 0.05161667615175247 88
1682043976560 0.05169505625963211 89
1682043976601 0.051794860512018204 90
1682043976641 0.051903754472732544 91
1682043976682 0.05200958997011185 92
1682043976723 0.052101653069257736 93
1682043976763 0.05217155069112778 94
1682043976803 0.05221404507756233 95
1682043976844 0.052227605134248734 96
1682043976884 0.0522141307592392 97
1682043976924 0.05217809975147247 98
1682043976964 0.0521259568631649 99
1682043976996 0.05206550285220146 99
