1682043972826 0.0 0
1682043972866 0.009997026063501835 1
1682043972907 0.013221442699432373 2
1682043972947 0.011171145364642143 3
1682043972987 0.007494261022657156 4
1682043973027 0.004469429142773151 5
1682043973068 0.0036356067284941673 6
1682043973108 0.0048873210325837135 7
1682043973148 0.007327137514948845 8
1682043973188 0.009931459091603756 9
1682043973227 0.011712238192558289 10
1682043973267 0.012115112505853176 11
1682043973306 0.011243063025176525 12
1682043973346 0.009609172120690346 13
1682043973385 0.007890187203884125 14
1682043973426 0.006740432698279619 15
1682043973469 0.006541035603731871 16
1682043973509 0.007262337487190962 17
1682043973549 0.008553062565624714 18
1682043973589 0.009898301213979721 19
1682043973630 0.010789833962917328 20
1682043973673 0.010922707617282867 21
1682043973716 0.010307089425623417 22
1682043973759 0.009224241599440575 23
1682043973802 0.008102625608444214 24
1682043973843 0.007362498436123133 25
1682043973884 0.007250429131090641 26
1682043973925 0.007748524192720652 27
1682043973968 0.00860708300024271 28
1682043974011 0.0094559071585536 29
1682043974054 0.009951230138540268 30
1682043974096 0.009916584007441998 31
1682043974139 0.009406465105712414 32
1682043974185 0.008665370754897594 33
1682043974231 0.008017139509320259 34
1682043974276 0.007726484909653664 35
1682043974318 0.007886411622166634 36
1682043974362 0.008388739079236984 37
1682043974405 0.008984660729765892 38
1682043974448 0.009400185197591782 39
1682043974492 0.009459654800593853 40
1682043974535 0.009160300716757774 41
1682043974580 0.008661866188049316 42
1682043974622 0.00820381473749876 43
1682043974665 0.007990654557943344 44
1682043974708 0.008097650483250618 45
1682043974751 0.008443755097687244 46
1682043974795 0.00884109828621149 47
1682043974837 0.009092001244425774 48
1682043974878 0.009086137637495995 49
1682043974919 0.008849217556416988 50
1682043974960 0.00852051842957735 51
1682043975001 0.00827543530613184 52
1682043975041 0.008234227076172829 53
1682043975081 0.008404115214943886 54
1682043975122 0.00868362095206976 55
1682043975162 0.008922788314521313 56
1682043975202 0.009004823863506317 57
1682043975242 0.008905206806957722 58
1682043975283 0.00869759451597929 59
1682043975324 0.008506791666150093 60
1682043975365 0.008437467738986015 61
1682043975405 0.008518673479557037 62
1682043975445 0.008693860843777657 63
1682043975488 0.008858920074999332 64
1682043975530 0.008923882618546486 65
1682043975571 0.00886230543255806 66
1682043975612 0.0087211262434721 67
1682043975653 0.008588108234107494 68
1682043975695 0.00853839609771967 69
1682043975741 0.008592301979660988 70
1682043975786 0.008708063513040543 71
1682043975830 0.00881133507937193 72
1682043975873 0.008841510862112045 73
1682043975915 0.0087863989174366 74
1682043975957 0.008685429580509663 75
1682043975999 0.008601772598922253 76
1682043976043 0.008582350797951221 77
1682043976087 0.008630789816379547 78
1682043976130 0.008708848617970943 79
1682043976172 0.008763403631746769 80
1682043976214 0.008760562166571617 81
1682043976255 0.008705256506800652 82
1682043976331 0.008635097183287144 83
1682043976371 0.008594184182584286 84
1682043976412 0.00860476866364479 85
1682043976453 0.00865486916154623 86
1682043976493 0.008708680048584938 87
1682043976534 0.008731532841920853 88
1682043976574 0.00871225818991661 89
1682043976615 0.008668612688779831 90
1682043976656 0.008633293211460114 91
1682043976696 0.008631053380668163 92
1682043976736 0.008662679232656956 93
1682043976777 0.008706111460924149 94
1682043976818 0.00873288232833147 95
1682043976858 0.008727801963686943 96
1682043976897 0.008698305115103722 97
1682043976938 0.008667666465044022 98
1682043976978 0.00865773856639862 99
1682043977009 0.008673837408423424 99
