1682043944173 78.88241153293185 1
1682043944745 79.6336407131619 2
1682043945281 79.90768093532986 3
1682043945838 80.02459462483723 4
1682043946390 80.11148240831163 5
1682043946936 80.1129379272461 6
1682043947467 80.11331346299913 7
1682043948000 80.11343383789062 8
1682043948578 80.11346944173177 9
1682043949179 80.11348470052083 10
1682043949772 80.11349317762587 11
1682043950372 80.11349487304688 12
1682043950905 80.1135025024414 13
1682043951436 80.11350335015192 14
1682043951967 80.1135016547309 15
1682043953097 80.11349995930989 16
