1682003619171 97.1602300008138 19
1682003619180 97.16023254394531 18
1682003619183 97.16023339165582 17
1682003619186 97.1602300008138 16
1682003619189 97.1602316962348 15
1682003619191 97.16022660997179 14
1682003619193 97.16023084852431 13
1682003619196 97.16022491455078 12
1682003619198 97.16022406684027 11
1682003619201 97.16023084852431 10
1682003619203 97.16022152370877 9
1682003619209 97.16020796034071 8
1682003619212 97.160157945421 7
1682003619214 97.15994771321614 6
1682003619217 97.15736304389105 5
1682003619219 97.03559282090929 4
1682003619222 96.95340643988715 3
1682003619224 96.68949890136719 2
1682003619226 95.93225691053603 1
1682003619229 94.55722384982639 0
1682003619231 97.1602300008138 -1
