1682541608623 0.27866580225834725 0
1682541609346 0.29984155426773673 1
1682541610035 0.313812955903902 2
1682541610737 0.32486039847837334 3
1682541611447 0.3345139243579044 4
1682541612152 0.3432191977881088 5
1682541612856 0.3509817529272578 6
1682541613552 0.35778462240699227 7
1682541614282 0.36369474689124326 8
1682541615002 0.3688279183216671 9
1682541615724 0.37330683407771037 10
1682541616462 0.3772410360485846 11
1682541617173 0.3807215521923494 12
1682541617911 0.3838219408796384 13
1682541618613 0.3866010176497595 14
1682541619305 0.38910589286725666 15
1682541620037 0.39137453223596463 16
1682541620746 0.3934376600673831 17
1682541621464 0.39532063824915004 18
1682541622188 0.3970442699983447 19
1682541622920 0.39862603302873184 20
1682541623644 0.4000806012198428 21
1682541624340 0.4014205727802731 22
1682541625045 0.40265651465365165 23
1682541625738 0.4037978083932223 24
1682541626445 0.40485251253047805 25
1682541627148 0.4058275344971378 26
1682541627838 0.40672925732513154 27
1682541628535 0.4075631351340762 28
1682541629229 0.40833419648038277 29
