1682541608143 2930.65234375 0
1682541608867 2752.5407104492188 1
1682541609572 2682.647491455078 2
1682541610262 2639.7229614257812 3
1682541610976 2609.526611328125 4
1682541611678 2586.8678588867188 5
1682541612381 2569.2406005859375 6
1682541613085 2555.1821899414062 7
1682541613793 2543.7345581054688 8
1682541614528 2534.2344360351562 9
1682541615242 2526.2145080566406 10
1682541615972 2519.340057373047 11
1682541616698 2513.369140625 12
1682541617427 2508.1226501464844 13
1682541618148 2503.4664306640625 14
1682541618841 2499.2976684570312 15
1682541619550 2495.536895751953 16
1682541620270 2492.120574951172 17
1682541620987 2488.9991760253906 18
1682541621711 2486.131561279297 19
1682541622428 2483.4843139648438 20
1682541623164 2481.0299072265625 21
1682541623873 2478.7452087402344 22
1682541624574 2476.611114501953 23
1682541625274 2474.6112670898438 24
1682541625975 2472.7313842773438 25
1682541626678 2470.9595336914062 26
1682541627374 2469.284912109375 27
1682541628065 2467.6993713378906 28
1682541628762 2466.1942443847656 29
