1682541608605 0.562875 0
1682541609329 0.563 1
1682541610017 0.5683750000000001 2
1682541610719 0.565375 3
1682541611430 0.5722499999999999 4
1682541612135 0.5665 5
1682541612839 0.564125 6
1682541613534 0.56225 7
1682541614264 0.5635 8
1682541614984 0.565875 9
1682541615707 0.5625 10
1682541616445 0.5678749999999999 11
1682541617155 0.57075 12
1682541617894 0.5726249999999999 13
1682541618596 0.5686249999999999 14
1682541619288 0.564875 15
1682541620020 0.566375 16
1682541620729 0.558 17
1682541621447 0.560125 18
1682541622170 0.550625 19
1682541622901 0.5566249999999999 20
1682541623628 0.557125 21
1682541624323 0.5609999999999999 22
1682541625027 0.556 23
1682541625720 0.5586249999999999 24
1682541626428 0.561375 25
1682541627132 0.5605 26
1682541627821 0.56775 27
1682541628517 0.55875 28
1682541629212 0.559625 29
