1682465492598 0.4443333333333334 0
1682465493541 0.40850000000000003 0
1682465494492 0.42700000000000005 0
1682465495421 0.4291666666666667 0
1682465496372 0.437 0
1682465497388 0.42050000000000004 0
1682465498341 0.40533333333333327 0
1682465499295 0.4091666666666667 0
1682465500268 0.4184999999999999 0
1682465501244 0.4103333333333334 0
1682465502245 0.42133333333333334 0
1682465503236 0.41133333333333333 0
1682465504242 0.4056666666666667 0
1682465505261 0.4155 0
1682465506243 0.41 0
1682465507251 0.455 0
1682465508229 0.44766666666666666 0
1682465509140 0.44383333333333336 0
1682465510091 0.4403333333333333 0
1682465511060 0.438 0
1682465511987 0.43916666666666665 0
1682465512955 0.43849999999999995 0
1682465513922 0.4375 0
1682465514832 0.43300000000000005 0
1682465515734 0.42116666666666663 0
1682465516659 0.41850000000000004 0
1682465517673 0.43366666666666664 0
1682465518644 0.42 0
1682465519595 0.42133333333333334 0
1682465520610 0.43 0
