1682536010160 0.22126225521255527 0
1682536011124 0.29120430876626063 0
1682536012096 0.32359749578343067 0
1682536013086 0.3406144688059775 0
1682536014043 0.3498615122884342 0
1682536014981 0.35472085001594855 0
1682536015960 0.3569864692415844 0
1682536016909 0.35772766173595405 0
1682536017865 0.35762530899845846 0
1682536018828 0.35712379576633857 0
1682536019812 0.3565091249199708 0
1682536020811 0.35595447257068236 0
1682536021781 0.35555002433021426 0
1682536022741 0.35532438488121654 0
1682536023684 0.3552618716135751 0
1682536024644 0.35531891534165383 0
1682536025610 0.3554403965139964 0
1682536026581 0.3555737714643661 0
1682536027538 0.3556782156363551 0
1682536028523 0.35572781465542924 0
1682536029489 0.3557103134053936 0
1682536030426 0.3556236679414533 0
1682536031376 0.3554720706881682 0
1682536032329 0.3552630280014065 0
1682536033303 0.35500521884638286 0
1682536034269 0.3547075855587415 0
1682536035227 0.3543789594241291 0
1682536036190 0.354027865446221 0
1682536037157 0.35366266486716535 0
1682536038131 0.3532912461367629 0
