1682536009378 2604.3350830078125 0
1682536010344 2514.0982666015625 0
1682536011313 2487.228973388672 0
1682536012291 2471.4149780273438 0
1682536013271 2460.6309661865234 0
1682536014225 2452.745864868164 0
1682536015164 2446.7491149902344 0
1682536016148 2442.0707244873047 0
1682536017092 2438.350128173828 0
1682536018055 2435.3446197509766 0
1682536019022 2432.881546020508 0
1682536020010 2430.834213256836 0
1682536020993 2429.108871459961 0
1682536021964 2427.6367950439453 0
1682536022923 2426.3687438964844 0
1682536023873 2425.2691497802734 0
1682536024829 2424.3109283447266 0
1682536025793 2423.47265625 0
1682536026761 2422.7352447509766 0
1682536027735 2422.082000732422 0
1682536028707 2421.4983673095703 0
1682536029672 2420.971969604492 0
1682536030609 2420.4921875 0
1682536031557 2420.0505981445312 0
1682536032520 2419.6404724121094 0
1682536033492 2419.2568359375 0
1682536034448 2418.895462036133 0
1682536035420 2418.554443359375 0
1682536036372 2418.232467651367 0
1682536037354 2417.9295959472656 0
