1682536009757 0.32366666666666666 0
1682536010725 0.35799999999999993 0
1682536011695 0.37683333333333335 0
1682536012665 0.39549999999999996 0
1682536013652 0.3911666666666667 0
1682536014598 0.39466666666666667 0
1682536015555 0.4028333333333333 0
1682536016515 0.3973333333333333 0
1682536017466 0.4003333333333334 0
1682536018437 0.39966666666666667 0
1682536019408 0.3885 0
1682536020406 0.39999999999999997 0
1682536021391 0.4028333333333334 0
1682536022352 0.39200000000000007 0
1682536023297 0.4183333333333334 0
1682536024256 0.4196666666666667 0
1682536025210 0.4156666666666667 0
1682536026185 0.4466666666666666 0
1682536027144 0.42766666666666664 0
1682536028121 0.4216666666666667 0
1682536029098 0.4256666666666667 0
1682536030042 0.4191666666666667 0
1682536030985 0.4251666666666667 0
1682536031927 0.4383333333333333 0
1682536032895 0.4120000000000001 0
1682536033874 0.4293333333333334 0
1682536034826 0.4206666666666667 0
1682536035800 0.41766666666666663 0
1682536036763 0.4226666666666667 0
1682536037728 0.4148333333333334 0
