1682536010139 0.32583333333333336 0
1682536011103 0.36433333333333334 0
1682536012075 0.38500000000000006 0
1682536013051 0.38833333333333336 0
1682536014023 0.40599999999999997 0
1682536014959 0.40149999999999997 0
1682536015938 0.4058333333333333 0
1682536016888 0.39233333333333337 0
1682536017845 0.40166666666666667 0
1682536018807 0.3861666666666667 0
1682536019790 0.3861666666666667 0
1682536020789 0.395 0
1682536021760 0.4073333333333333 0
1682536022720 0.39599999999999996 0
1682536023663 0.4326666666666667 0
1682536024622 0.43249999999999994 0
1682536025589 0.42750000000000005 0
1682536026561 0.41966666666666663 0
1682536027516 0.422 0
1682536028502 0.42016666666666663 0
1682536029468 0.4183333333333333 0
1682536030405 0.43450000000000005 0
1682536031355 0.4266666666666667 0
1682536032308 0.4351666666666667 0
1682536033281 0.4283333333333334 0
1682536034248 0.4301666666666666 0
1682536035206 0.42416666666666675 0
1682536036170 0.42450000000000004 0
1682536037136 0.4256666666666667 0
1682536038109 0.41350000000000003 0
