1681658510524 0.18850109382802557 0
1681658640238 0.2926244122600227 0
1681658756397 0.3417917398289788 0
1681658817217 0.27929951359249644 0
1681658910221 0.25534637615943045 0
1681659029086 0.3139380903249964 0
1681659089713 0.3160688501845094 0
1681659113834 0.3139608590635534 0
1681659135844 0.18392995722598368 0
1681659361144 0.16420211803713616 0
1681659454630 0.1352757326523067 0
1681659467905 0.37158285795555224 0
1681659514967 0.20238207320093712 0
1681659542814 0.1641392750435506 0
1681659570720 0.21166706105442973 0
1681659572615 0.35938233133447123 0
1681659582046 0.2613349147359352 0
1681659860158 0.207650201893081 0
1681659920389 0.19569271438593575 0
1681659941170 0.30978394495638895 0
1681660281607 0.12874271827916942 0
1681660389454 0.26947080246926647 0
1681660397905 0.3112944270736192 0
1681660510302 0.20183154222143998 0
