1682044349911 0.0 0
1682044349955 0.00999726727604866 1
1682044349999 0.013410982675850391 2
1682044350042 0.011280014179646969 3
1682044350086 0.007195260841399431 4
1682044350128 0.0031647472642362118 5
1682044350170 0.0008204970508813858 6
1682044350212 0.0006700950325466692 7
1682044350256 0.00213091098703444 8
1682044350299 0.004323780536651611 9
1682044350342 0.0063343835063278675 10
1682044350387 0.007404660806059837 11
1682044350432 0.007244401145726442 12
1682044350479 0.006062848959118128 13
1682044350528 0.004361225292086601 14
1682044350577 0.0027572198305279016 15
1682044350625 0.001813541050069034 16
1682044350673 0.0018222376238554716 17
1682044350721 0.0027176211588084698 18
1682044350765 0.0041644214652478695 19
1682044350810 0.005686819553375244 20
1682044350852 0.006808519829064608 21
1682044350895 0.007216690108180046 22
1682044350963 0.006870675832033157 23
1682044351008 0.005983802489936352 24
1682044351055 0.0049249567091465 25
1682044351101 0.00409249123185873 26
1682044351149 0.0037724499125033617 27
1682044351193 0.004036309197545052 28
1682044351237 0.004734714049845934 29
1682044351279 0.005567776504904032 30
1682044351321 0.00620212871581316 31
1682044351363 0.0063955881632864475 32
1682044351406 0.0060898964293301105 33
1682044351449 0.005420978181064129 34
1682044351492 0.004653971176594496 35
1682044351536 0.004078769125044346 36
1682044351588 0.003893469925969839 37
1682044351634 0.004131212364882231 38
1682044351680 0.004656797740608454 39
1682044351726 0.005234072916209698 40
1682044351772 0.005624548997730017 41
1682044351816 0.005687494296580553 42
1682044351860 0.00543123297393322 43
1682044351904 0.004998491611331701 44
1682044351947 0.004598642699420452 45
1682044351990 0.004410354886204004 46
1682044352035 0.004507243167608976 47
1682044352079 0.0048308162949979305 48
1682044352121 0.00522560253739357 49
1682044352163 0.0055132219567894936 50
1682044352212 0.005574166774749756 51
1682044352259 0.005398513283580542 52
1682044352304 0.00508453231304884 53
1682044352350 0.004785629920661449 54
1682044352400 0.004635334480553865 55
1682044352450 0.0046875751577317715 56
1682044352498 0.004895723890513182 57
1682044352546 0.005143359769135714 58
1682044352592 0.005304022692143917 59
1682044352640 0.005304038058966398 60
1682044352688 0.0051565770991146564 61
1682044352735 0.004947690758854151 62
1682044352783 0.004788467660546303 63
1682044352836 0.004756507463753223 64
1682044352879 0.004859332460910082 65
1682044352922 0.005034949164837599 66
1682044352965 0.005188464652746916 67
1682044353009 0.00524439150467515 68
1682044353075 0.005182110704481602 69
1682044353138 0.005043730139732361 70
1682044353185 0.0049079423770308495 71
1682044353233 0.004845676943659782 72
1682044353282 0.0048818886280059814 73
1682044353329 0.004986596293747425 74
1682044353375 0.005093249026685953 75
1682044353420 0.00514141283929348 76
1682044353462 0.005108071491122246 77
1682044353505 0.00501757487654686 78
1682044353548 0.004926125518977642 79
1682044353591 0.004886847920715809 80
1682044353635 0.004920412320643663 81
1682044353678 0.005001968238502741 82
1682044353721 0.005083054769784212 83
1682044353765 0.005121915601193905 84
1682044353809 0.005100874695926905 85
1682044353852 0.005040878430008888 86
1682044353896 0.004983521532267332 87
1682044353949 0.004963192157447338 88
1682044353998 0.004989814478904009 89
1682044354045 0.005042183678597212 90
1682044354093 0.005084271542727947 91
1682044354143 0.005089180544018745 92
1682044354194 0.005054907873272896 93
1682044354244 0.005002868827432394 94
1682044354293 0.004963485524058342 95
1682044354340 0.004958055447787046 96
1682044354388 0.004985750652849674 97
1682044354434 0.005024382378906012 98
1682044354483 0.005047040991485119 99
1682044354516 0.005041270516812801 99
