1682044349901 0.0 0
1682044349945 0.009999582543969154 1
1682044349988 0.019895039498806 2
1682044350032 0.029577672481536865 3
1682044350076 0.038900814950466156 4
1682044350118 0.047674164175987244 5
1682044350160 0.05566887557506561 6
1682044350202 0.06263952702283859 7
1682044350245 0.06836564093828201 8
1682044350289 0.07270094752311707 9
1682044350332 0.07560474425554276 10
1682044350376 0.07714008539915085 11
1682044350421 0.07744670659303665 12
1682044350468 0.07670779526233673 13
1682044350516 0.07512415945529938 14
1682044350564 0.07289928197860718 15
1682044350614 0.07023221999406815 16
1682044350661 0.06731429696083069 17
1682044350710 0.06432652473449707 18
1682044350754 0.06143609434366226 19
1682044350800 0.05879141017794609 20
1682044350842 0.05651625618338585 21
1682044350885 0.05470435321331024 22
1682044350935 0.05341560021042824 23
1682044350997 0.05267471447587013 24
1682044351044 0.052472423762083054 25
1682044351090 0.052768778055906296 26
1682044351137 0.053497862070798874 27
1682044351184 0.054573286324739456 28
1682044351226 0.055894188582897186 29
1682044351269 0.05735168978571892 30
1682044351311 0.058835748583078384 31
1682044351353 0.060242243111133575 32
1682044351395 0.06147975102066994 33
1682044351439 0.06247524544596672 34
1682044351482 0.06317800283432007 35
1682044351526 0.06356128305196762 36
1682044351578 0.06362193077802658 37
1682044351623 0.06337830424308777 38
1682044351669 0.06286728382110596 39
1682044351715 0.06214066222310066 40
1682044351761 0.06126132979989052 41
1682044351806 0.06029906123876572 42
1682044351850 0.0593259371817112 43
1682044351893 0.05841134861111641 44
1682044351936 0.05761687830090523 45
1682044351980 0.05699165537953377 46
1682044352024 0.05656879022717476 47
1682044352069 0.05636350065469742 48
1682044352111 0.056373145431280136 49
1682044352152 0.056579023599624634 50
1682044352200 0.05694940313696861 51
1682044352247 0.05744325369596481 52
1682044352293 0.05801406875252724 53
1682044352339 0.05861355736851692 54
1682044352388 0.05919501185417175 55
1682044352438 0.05971639230847359 56
1682044352487 0.0601431280374527 57
1682044352535 0.0604504719376564 58
1682044352581 0.060625217854976654 59
1682044352629 0.060666389763355255 60
1682044352677 0.060584716498851776 61
1682044352724 0.06040087714791298 62
1682044352771 0.06014273688197136 63
1682044352825 0.05984201282262802 64
1682044352869 0.05953090637922287 65
1682044352912 0.05923912674188614 66
1682044352955 0.05899161845445633 67
1682044352999 0.05880698189139366 68
1682044353045 0.058696579188108444 69
1682044353127 0.05866411700844765 70
1682044353174 0.05870574712753296 71
1682044353221 0.05881068855524063 72
1682044353271 0.058962468057870865 73
1682044353318 0.059140775352716446 74
1682044353364 0.05932382494211197 75
1682044353409 0.05949084833264351 76
1682044353453 0.05962436646223068 77
1682044353495 0.05971185117959976 78
1682044353538 0.059746574610471725 79
1682044353581 0.05972767993807793 80
1682044353625 0.059659693390131 81
1682044353668 0.0595516711473465 82
1682044353711 0.05941609665751457 83
1682044353754 0.05926765128970146 84
1682044353798 0.05912183225154877 85
1682044353842 0.058993346989154816 86
1682044353885 0.0588945634663105 87
1682044353937 0.05883418023586273 88
1682044353986 0.05881636217236519 89
1682044354034 0.058840565383434296 90
1682044354082 0.05890196934342384 91
1682044354131 0.05899237096309662 92
1682044354182 0.05910133942961693 93
1682044354232 0.05921740084886551 94
1682044354282 0.05932914838194847 95
1682044354329 0.05942625179886818 96
1682044354377 0.059500377625226974 97
1682044354424 0.05954597145318985 98
1682044354471 0.05956074967980385 99
1682044354507 0.059545811265707016 99
