1682044349906 0.0 0
1682044349950 0.009999576024711132 1
1682044349994 0.01987798884510994 2
1682044350037 0.02949989028275013 3
1682044350081 0.03867189958691597 4
1682044350123 0.047135986387729645 5
1682044350165 0.0545855350792408 6
1682044350207 0.06071808189153671 7
1682044350251 0.06531514972448349 8
1682044350295 0.06830283999443054 9
1682044350337 0.06975454837083817 10
1682044350382 0.0698462650179863 11
1682044350427 0.06880379468202591 12
1682044350474 0.06686624884605408 13
1682044350522 0.06426931172609329 14
1682044350570 0.061239562928676605 15
1682044350619 0.057994406670331955 16
1682044350667 0.054741036146879196 17
1682044350716 0.051672425121068954 18
1682044350760 0.04895978793501854 19
1682044350805 0.04674232751131058 20
1682044350847 0.045117877423763275 21
1682044350890 0.04413703456521034 22
1682044350957 0.04380284994840622 23
1682044351003 0.04407567158341408 24
1682044351050 0.04488097131252289 25
1682044351095 0.04611823335289955 26
1682044351143 0.04766915366053581 27
1682044351189 0.04940542206168175 28
1682044351231 0.0511963814496994 29
1682044351274 0.052915919572114944 30
1682044351316 0.05445026978850365 31
1682044351358 0.05570468679070473 32
1682044351401 0.056609753519296646 33
1682044351444 0.05712541937828064 34
1682044351487 0.05724227800965309 35
1682044351531 0.056980546563863754 36
1682044351583 0.05638604238629341 37
1682044351628 0.05552525445818901 38
1682044351675 0.05447882041335106 39
1682044351721 0.053335271775722504 40
1682044351766 0.052184030413627625 41
1682044351811 0.05110935494303703 42
1682044351855 0.05018426477909088 43
1682044351899 0.049465738236904144 44
1682044351942 0.0489916168153286 45
1682044351985 0.048778168857097626 46
1682044352030 0.048820506781339645 47
1682044352074 0.0490940660238266 48
1682044352116 0.04955796152353287 49
1682044352158 0.05015920102596283 50
1682044352207 0.05083785578608513 51
1682044352253 0.051532454788684845 52
1682044352299 0.052185408771038055 53
1682044352344 0.05274736508727074 54
1682044352394 0.05318058654665947 55
1682044352444 0.0534614622592926 56
1682044352493 0.05358119308948517 57
1682044352541 0.05354565754532814 58
1682044352587 0.05337364226579666 59
1682044352635 0.05309441313147545 60
1682044352682 0.05274464935064316 61
1682044352730 0.05236434191465378 62
1682044352777 0.051992859691381454 63
1682044352831 0.05166512355208397 64
1682044352874 0.05140875279903412 65
1682044352917 0.051242005079984665 66
1682044352960 0.051172878593206406 67
1682044353004 0.05119940638542175 68
1682044353069 0.0513102188706398 69
1682044353133 0.05148649960756302 70
1682044353180 0.05170443654060364 71
1682044353227 0.051937904208898544 72
1682044353276 0.05216110870242119 73
1682044353324 0.05235138162970543 74
1682044353370 0.05249091237783432 75
1682044353415 0.05256882309913635 76
1682044353457 0.05258139595389366 77
1682044353500 0.052531830966472626 78
1682044353543 0.05242964252829552 79
1682044353586 0.05228906124830246 80
1682044353630 0.052127376198768616 81
1682044353673 0.05196232721209526 82
1682044353716 0.051811058074235916 83
1682044353759 0.05168846249580383 84
1682044353804 0.05160461738705635 85
1682044353847 0.05156518518924713 86
1682044353891 0.051570694893598557 87
1682044353943 0.05161667615175247 88
1682044353992 0.05169505625963211 89
1682044354040 0.051794860512018204 90
1682044354087 0.051903754472732544 91
1682044354137 0.05200958997011185 92
1682044354188 0.052101653069257736 93
1682044354238 0.05217155069112778 94
1682044354287 0.05221404507756233 95
1682044354335 0.052227605134248734 96
1682044354383 0.0522141307592392 97
1682044354429 0.05217809975147247 98
1682044354477 0.0521259568631649 99
1682044354511 0.05206550285220146 99
