1682044349918 0.0 0
1682044349963 -0.009992837905883789 1
1682044350006 -0.0054982611909508705 2
1682044350049 -0.00018226541578769684 3
1682044350093 0.001987465424463153 4
1682044350135 0.0007670345949009061 5
1682044350178 -0.002141027245670557 6
1682044350219 -0.0051980894058942795 7
1682044350263 -0.007012067828327417 8
1682044350306 -0.00701024429872632 9
1682044350349 -0.0055833677761256695 10
1682044350394 -0.0035099710803478956 11
1682044350441 -0.0016710561467334628 12
1682044350488 -0.0007921707583591342 13
1682044350536 -0.001106531941331923 14
1682044350585 -0.0023462767712771893 15
1682044350633 -0.003962418995797634 16
1682044350682 -0.005317409988492727 17
1682044350728 -0.005910639185458422 18
1682044350773 -0.005590908695012331 19
1682044350818 -0.004570657853037119 20
1682044350859 -0.0032921957317739725 21
1682044350903 -0.0022627089638262987 22
1682044350970 -0.0018610970582813025 23
1682044351017 -0.00218366296030581 24
1682044351063 -0.003034804482012987 25
1682044351110 -0.00403271708637476 26
1682044351157 -0.004762447439134121 27
1682044351201 -0.0049452707171440125 28
1682044351245 -0.004550490994006395 29
1682044351286 -0.0037862539757043123 30
1682044351328 -0.0029967986047267914 31
1682044351370 -0.002515691565349698 32
1682044351414 -0.002522128401324153 33
1682044351457 -0.0029715162236243486 34
1682044351500 -0.003632107051089406 35
1682044351544 -0.0041959453374147415 36
1682044351596 -0.004417952615767717 37
1682044351642 -0.004224145319312811 38
1682044351688 -0.003733942285180092 39
1682044351734 -0.003192748874425888 40
1682044351780 -0.0028529700357466936 41
1682044351824 -0.0028552780859172344 42
1682044351868 -0.00316856917925179 43
1682044351911 -0.0036165399942547083 44
1682044351955 -0.00397087074816227 45
1682044351998 -0.004065200220793486 46
1682044352043 -0.0038735694251954556 47
1682044352087 -0.0035140602849423885 48
1682044352127 -0.0031805315520614386 49
1682044352171 -0.0030403309501707554 50
1682044352220 -0.0031501860357820988 51
1682044352267 -0.003434161189943552 52
1682044352312 -0.003731765318661928 53
1682044352359 -0.0038872673176229 54
1682044352409 -0.0038318848237395287 55
1682044352458 -0.0036146549973636866 56
1682044352507 -0.003368023317307234 57
1682044352554 -0.0032303743064403534 58
1682044352601 -0.003269765293225646 59
1682044352649 -0.003450996708124876 60
1682044352696 -0.0036622846964746714 61
1682044352743 -0.0037832753732800484 62
1682044352791 -0.0037538246251642704 63
1682044352844 -0.0036042286083102226 64
1682044352887 -0.0034314021468162537 65
1682044352929 -0.0033380843233317137 66
1682044352973 -0.003372380044311285 67
1682044353017 -0.0035032755695283413 68
1682044353084 -0.0036448328755795956 69
1682044353146 -0.003711416618898511 70
1682044353194 -0.0036692044232040644 71
1682044353242 -0.0035529090091586113 72
1682044353291 -0.0034395854454487562 73
1682044353337 -0.0033981110900640488 74
1682044353383 -0.0034472292754799128 75
1682044353427 -0.0035474698524922132 76
1682044353470 -0.0036303726956248283 77
1682044353513 -0.0036439516115933657 78
1682044353556 -0.0035844966769218445 79
1682044353599 -0.003495369805023074 80
1682044353642 -0.0034355155657976866 81
1682044353685 -0.0034402625169605017 82
1682044353728 -0.00349994539283216 83
1682044353773 -0.003569736611098051 84
1682044353817 -0.003602263517677784 85
1682044353860 -0.003579030279070139 86
1682044353905 -0.0035206268075853586 87
1682044353957 -0.003469865769147873 88
1682044354007 -0.003460930660367012 89
1682044354053 -0.0034968778491020203 90
1682044354102 -0.0035499201621860266 91
1682044354153 -0.0035829097032546997 92
1682044354203 -0.0035757292062044144 93
1682044354253 -0.003537910059094429 94
1682044354301 -0.0034995130263268948 95
1682044354349 -0.0034882444888353348 96
1682044354396 -0.0035100611858069897 97
1682044354442 -0.0035467646084725857 98
1682044354490 -0.0035709349904209375 99
1682044354523 -0.003566317493095994 99
