1682457326714 0.04272587319058298 0
1682457327628 0.09448709607212456 0
1682457328546 0.13513117571857397 0
1682457329508 0.16757103943107204 0
1682457330544 0.1937335170975317 0
1682457331530 0.2150717917715953 0
1682457332486 0.2326830227346753 0
1682457333431 0.2473892068744997 0
1682457334400 0.2598058357928099 0
1682457335353 0.270396350367882 0
1682457336324 0.2795129348464676 0
1682457337314 0.28742618404500697 0
1682457338302 0.29434644361542356 0
1682457339271 0.3004391423897644 0
1682457340164 0.30583586386198847 0
1682457341036 0.31064239369049274 0
1682457341989 0.3149446426379226 0
1682457342856 0.31881302869285244 0
1682457343770 0.3223057857983216 0
1682457344711 0.3254714379024855 0
1682457345655 0.32835073131713344 0
1682457346646 0.33097809506795556 0
1682457347608 0.3333828025436225 0
1682457348597 0.33558986885601877 0
1682457349472 0.33762079105557197 0
1682457350340 0.3394941077301119 0
1682457351210 0.34122587209619626 0
1682457352195 0.3428300423972883 0
1682457353130 0.34431877632119967 0
1682457354053 0.3457027101922659 0
