1682457325975 2641.908660888672 0
1682457326867 2579.204391479492 0
1682457327788 2557.41845703125 0
1682457328712 2541.515365600586 0
1682457329702 2529.1090545654297 0
1682457330718 2519.071273803711 0
1682457331696 2510.740020751953 0
1682457332653 2503.6876068115234 0
1682457333584 2497.6222381591797 0
1682457334570 2492.337112426758 0
1682457335521 2487.680618286133 0
1682457336488 2483.5399475097656 0
1682457337483 2479.8285369873047 0
1682457338466 2476.4788360595703 0
1682457339435 2473.436996459961 0
1682457340314 2470.6603393554688 0
1682457341201 2468.114013671875 0
1682457342139 2465.7693939208984 0
1682457343008 2463.6024017333984 0
1682457343936 2461.5927124023438 0
1682457344867 2459.7239379882812 0
1682457345825 2457.9810333251953 0
1682457346808 2456.3514556884766 0
1682457347769 2454.8250732421875 0
1682457348752 2453.392120361328 0
1682457349621 2452.0446014404297 0
1682457350492 2450.775131225586 0
1682457351362 2449.576873779297 0
1682457352352 2448.4451446533203 0
1682457353288 2447.3740234375 0
