1682457326336 0.36766666666666664 0
1682457327227 0.3698333333333333 0
1682457328146 0.3801666666666667 0
1682457329108 0.3621666666666667 0
1682457330110 0.3725 0
1682457331119 0.38400000000000006 0
1682457332088 0.38133333333333336 0
1682457333037 0.39033333333333337 0
1682457333980 0.41 0
1682457334946 0.4005 0
1682457335913 0.4095 0
1682457336894 0.41883333333333334 0
1682457337884 0.4106666666666667 0
1682457338869 0.4048333333333334 0
1682457339797 0.40466666666666673 0
1682457340666 0.41666666666666674 0
1682457341596 0.40183333333333326 0
1682457342488 0.4121666666666666 0
1682457343358 0.4158333333333333 0
1682457344292 0.422 0
1682457345264 0.41 0
1682457346220 0.42116666666666663 0
1682457347184 0.41916666666666663 0
1682457348177 0.4178333333333333 0
1682457349103 0.4136666666666667 0
1682457349974 0.41533333333333333 0
1682457350843 0.41266666666666657 0
1682457351730 0.4183333333333333 0
1682457352718 0.4200000000000001 0
1682457353663 0.4076666666666667 0
