1682448090044 2633.9385986328125 0
1682448090960 2515.372848510742 0
1682448091851 2472.182815551758 0
1682448092732 2437.291030883789 0
1682448093639 2410.1351776123047 0
1682448094532 2390.8194885253906 0
1682448095410 2376.5880584716797 0
1682448096284 2365.546401977539 0
1682448097160 2356.629623413086 0
1682448098036 2349.21240234375 0
1682448098912 2342.9030151367188 0
1682448099788 2337.4408569335938 0
1682448100663 2332.6449584960938 0
1682448101538 2328.3853149414062 0
1682448102453 2324.5642700195312 0
1682448103366 2321.108657836914 0
1682448104325 2317.9610137939453 0
1682448105295 2315.075408935547 0
1682448106236 2312.4158477783203 0
1682448107191 2309.9528198242188 0
1682448108104 2307.6615447998047 0
1682448109064 2305.522018432617 0
1682448110016 2303.516815185547 0
1682448110972 2301.6319274902344 0
1682448111839 2299.85498046875 0
1682448112712 2298.1749877929688 0
1682448113655 2296.583541870117 0
1682448114607 2295.072052001953 0
1682448115470 2293.6341400146484 0
1682448116333 2292.2635040283203 0
1682448117261 2290.95458984375 0
1682448118136 2289.7030029296875 0
1682448119038 2288.5040283203125 0
1682448119949 2287.354278564453 0
1682448120824 2286.2506561279297 0
1682448121692 2285.1898193359375 0
1682448122568 2284.1688385009766 0
1682448123441 2283.1849670410156 0
1682448124308 2282.2368927001953 0
1682448125173 2281.321746826172 0
1682448126032 2280.4381256103516 0
1682448126899 2279.5838165283203 0
1682448127814 2278.757598876953 0
1682448128689 2277.9583435058594 0
1682448129550 2277.18408203125 0
1682448130411 2276.4339294433594 0
1682448131288 2275.7064819335938 0
1682448132167 2275.0010986328125 0
1682448133094 2274.3163146972656 0
1682448133958 2273.651657104492 0
1682448134899 2273.0057678222656 0
1682448135841 2272.3783111572266 0
1682448136703 2271.7681732177734 0
1682448137608 2271.1751098632812 0
1682448138536 2270.5980072021484 0
1682448139433 2270.036361694336 0
1682448140307 2269.489517211914 0
1682448141181 2268.957275390625 0
1682448142055 2268.438690185547 0
1682448142928 2267.9336547851562 0
