1682043846386 78.88241153293185 1
1682043847016 79.6336407131619 2
1682043847611 79.90768093532986 3
1682043848207 80.02459462483723 4
1682043848794 80.11148240831163 5
1682043849396 80.1129379272461 6
1682043849986 80.11331346299913 7
1682043850539 80.11343383789062 8
1682043851088 80.11346944173177 9
1682043851652 80.11348470052083 10
1682043852233 80.11349317762587 11
1682043852792 80.11349487304688 12
1682043853342 80.1135025024414 13
1682043853895 80.11350335015192 14
1682043854444 80.1135016547309 15
