1682447764250 0.433 0
1682447764785 0.44416666666666665 0
1682447765352 0.4524999999999999 0
1682447765894 0.454 0
1682447766433 0.4635 0
1682447766983 0.4918333333333334 0
1682447767527 0.4891666666666667 0
1682447768086 0.4765 0
1682447768638 0.4808333333333334 0
1682447769189 0.4831666666666667 0
1682447769727 0.4765 0
1682447770266 0.4725 0
1682447770808 0.4663333333333333 0
1682447771349 0.4981666666666667 0
1682447771887 0.4789999999999999 0
1682447772423 0.4911666666666667 0
1682447772961 0.4891666666666667 0
1682447773498 0.48866666666666664 0
1682447774038 0.48416666666666663 0
1682447774596 0.4811666666666667 0
1682447775162 0.49499999999999994 0
1682447775753 0.4808333333333334 0
1682447776328 0.4991666666666667 0
1682447776911 0.48683333333333323 0
1682447777499 0.4858333333333333 0
1682447778196 0.4945 0
1682447778771 0.49049999999999994 0
1682447779353 0.4883333333333333 0
1682447779934 0.5001666666666666 0
1682447780494 0.5016666666666667 0
1682447781065 0.5025000000000001 0
1682447781639 0.5043333333333334 0
1682447782230 0.49833333333333335 0
1682447782818 0.4823333333333333 0
1682447783394 0.48966666666666664 0
1682447783929 0.49416666666666664 0
1682447784499 0.4918333333333333 0
1682447785088 0.4995 0
1682447785629 0.4931666666666667 0
1682447786221 0.49583333333333335 0
