1682447764261 0.38499563427504546 0
1682447764797 0.4005200129149532 0
1682447765364 0.40525428908958605 0
1682447765906 0.40650738049602964 0
1682447766445 0.4064335239221635 0
1682447766994 0.4058158149642876 0
1682447767539 0.40496921113249007 0
1682447768098 0.40402981433769003 0
1682447768650 0.4030592783435667 0
1682447769201 0.4020861461879811 0
1682447769739 0.4011234135719786 0
1682447770277 0.40017672766403384 0
1682447770820 0.39924806894034903 0
1682447771361 0.39833761577708987 0
1682447771899 0.39744484333064345 0
1682447772436 0.3965687966924925 0
1682447772973 0.39570849186576107 0
1682447773510 0.3948629255685964 0
1682447774050 0.39403108298083234 0
1682447774610 0.3932121692562755 0
1682447775175 0.3924054071921544 0
1682447775766 0.3916100808994212 0
1682447776341 0.390825625400864 0
1682447776923 0.39005128116048066 0
1682447777513 0.38928679578221803 0
1682447778208 0.38853133565413767 0
1682447778783 0.3877847934951217 0
1682447779366 0.38704666007170907 0
1682447779946 0.38631675775043134 0
1682447780505 0.38559421452232123 0
1682447781078 0.38487922421816434 0
1682447781651 0.3841716068223906 0
1682447782243 0.383470664008448 0
1682447782831 0.3827764183678434 0
1682447783406 0.38208825513223654 0
1682447783941 0.38140705990398405 0
1682447784515 0.3807311472194323 0
1682447785100 0.3800615939805515 0
1682447785643 0.37939825416421125 0
1682447786234 0.37873985898699547 0
