1682447763876 2610.6450958251953 0
1682447764410 2474.872299194336 0
1682447764962 2435.7599029541016 0
1682447765516 2409.849380493164 0
1682447766059 2391.1841583251953 0
1682447766609 2376.979476928711 0
1682447767146 2365.717758178711 0
1682447767707 2356.510040283203 0
1682447768255 2348.800521850586 0
1682447768804 2342.222885131836 0
1682447769353 2336.525360107422 0
1682447769893 2331.527877807617 0
1682447770432 2327.0980529785156 0
1682447770976 2323.1360626220703 0
1682447771514 2319.564910888672 0
1682447772052 2316.324722290039 0
1682447772589 2313.3667755126953 0
1682447773126 2310.65283203125 0
1682447773664 2308.1508026123047 0
1682447774204 2305.8343048095703 0
1682447774778 2303.6815795898438 0
1682447775338 2301.674514770508 0
1682447775930 2299.796585083008 0
1682447776505 2298.034912109375 0
1682447777093 2296.3776245117188 0
1682447777710 2294.8148040771484 0
1682447778375 2293.3380432128906 0
1682447778939 2291.9390869140625 0
1682447779536 2290.6116790771484 0
1682447780113 2289.349624633789 0
1682447780666 2288.1477813720703 0
1682447781241 2287.0013122558594 0
1682447781801 2285.9061279296875 0
1682447782411 2284.858627319336 0
1682447782998 2283.8550720214844 0
1682447783561 2282.8927307128906 0
1682447784105 2281.968536376953 0
1682447784713 2281.080307006836 0
1682447785250 2280.2254943847656 0
1682447785811 2279.4022827148438 0
