1682447763888 0.3263157894736842 0
1682447764423 0.34649122807017546 0
1682447764974 0.35 0
1682447765529 0.35175438596491226 0
1682447766071 0.34912280701754383 0
1682447766622 0.3482456140350877 0
1682447767158 0.3570175438596491 0
1682447767720 0.3570175438596491 0
1682447768267 0.3570175438596491 0
1682447768816 0.3631578947368421 0
1682447769365 0.36140350877192984 0
1682447769905 0.36140350877192984 0
1682447770444 0.36140350877192984 0
1682447770988 0.36140350877192984 0
1682447771527 0.36140350877192984 0
1682447772064 0.36140350877192984 0
1682447772602 0.36140350877192984 0
1682447773138 0.36140350877192984 0
1682447773677 0.36140350877192984 0
1682447774216 0.36140350877192984 0
1682447774792 0.356140350877193 0
1682447775350 0.356140350877193 0
1682447775943 0.356140350877193 0
1682447776519 0.356140350877193 0
1682447777106 0.356140350877193 0
1682447777808 0.356140350877193 0
1682447778389 0.356140350877193 0
1682447778951 0.356140350877193 0
1682447779549 0.356140350877193 0
1682447780125 0.35964912280701755 0
1682447780679 0.35964912280701755 0
1682447781254 0.35964912280701755 0
1682447781815 0.35964912280701755 0
1682447782424 0.35964912280701755 0
1682447783011 0.35964912280701755 0
1682447783574 0.35964912280701755 0
1682447784119 0.35964912280701755 0
1682447784726 0.35964912280701755 0
1682447785262 0.35964912280701755 0
1682447785825 0.35964912280701755 0
