1681666303952 3149.4011993408203 0
1681666306107 3003.189895629883 0
1681666306804 2952.400909423828 0
1681666307382 2921.6803131103516 0
1681666307979 2900.486282348633 0
1681666308685 2884.739944458008 0
1681666309267 2872.449935913086 0
1681666309966 2862.510238647461 0
1681666310544 2854.2537689208984 0
1681666311122 2847.2515411376953 0
1681666311857 2841.214096069336 0
1681666312489 2835.9395599365234 0
1681666313233 2831.2787322998047 0
1681666313869 2827.121368408203 0
1681666314618 2823.3831481933594 0
1681666315213 2819.9974517822266 0
1681666315796 2816.9114685058594 0
1681666316501 2814.0836639404297 0
1681666317088 2811.4796295166016 0
1681666317791 2809.0709838867188 0
1681666318378 2806.834671020508 0
1681666319086 2804.7509155273438 0
1681666319666 2802.8034057617188 0
1681666320249 2800.9786071777344 0
1681666320955 2799.263442993164 0
1681666321540 2797.647674560547 0
1681666322245 2796.1229248046875 0
1681666322878 2794.6808471679688 0
1681666323650 2793.3143920898438 0
1681666324286 2792.0177001953125 0
