1681666303973 0.36470699239115967 0
1681666306120 0.39633080263027126 0
1681666306815 0.40319696214062556 0
1681666307394 0.4113400990663743 0
1681666307992 0.4124848785890826 0
1681666308697 0.41226510501678787 0
1681666309279 0.4113520884084079 0
1681666309978 0.4100668569572924 0
1681666310556 0.40857314695200303 0
1681666311134 0.406959530205823 0
1681666311869 0.40527718144844926 0
1681666312502 0.40355753033909486 0
1681666313245 0.398293670887412 0
1681666313881 0.4000817407931004 0
1681666314630 0.39834955476625256 0
1681666315225 0.39663165167792613 0
1681666315808 0.39493335506546895 0
1681666316513 0.39325883687445984 0
1681666317100 0.3916110030120729 0
1681666317803 0.38673282162370826 0
1681666318392 0.38517890073224376 0
1681666319098 0.3836563984285302 0
1681666319678 0.3821662130888448 0
1681666320261 0.38384090346091515 0
1681666320968 0.3823887637888377 0
1681666321552 0.37789844119087285 0
1681666322257 0.3795912670229567 0
1681666322890 0.3752266654894035 0
1681666323662 0.3769378368835585 0
1681666324299 0.37566538517387543 0
