1682044553605 0.0 0
1682044553646 -0.009996875189244747 1
1682044553686 -0.012340200133621693 2
1682044553726 -0.009854008443653584 3
1682044553766 -0.006124434061348438 4
1682044553806 -0.0035025416873395443 5
1682044553846 -0.003252882044762373 6
1682044553886 -0.0049111428670585155 7
1682044553926 -0.007452948950231075 8
1682044553965 -0.009779837913811207 9
1682044554008 -0.01097084954380989 10
1682044554050 -0.010745037347078323 11
1682044554089 -0.009448216296732426 12
1682044554129 -0.00772484578192234 13
1682044554169 -0.006296013481914997 14
1682044554208 -0.005710314959287643 15
1682044554247 -0.006106452085077763 16
1682044554287 -0.007225065026432276 17
1682044554326 -0.008574534207582474 18
1682044554366 -0.009610441513359547 19
1682044554406 -0.009946099482476711 20
1682044554445 -0.009510904550552368 21
1682044554485 -0.008539561182260513 22
1682044554524 -0.007448873482644558 23
1682044554564 -0.00667555583640933 24
1682044554605 -0.006498335395008326 25
1682044554644 -0.006927869748324156 26
1682044554684 -0.007729404140263796 27
1682044554724 -0.008536510169506073 28
1682044554763 -0.00900486670434475 29
1682044554803 -0.00895986333489418 30
1682044554842 -0.008461488410830498 31
1682044554882 -0.007759090047329664 32
1682044554922 -0.0071730841882526875 33
1682044554962 -0.006951214279979467 34
1682044555002 -0.007159713190048933 35
1682044555041 -0.007665794342756271 36
1682044555080 -0.008211697451770306 37
1682044555120 -0.008538687601685524 38
1682044555160 -0.008508458733558655 39
1682044555200 -0.008161195553839207 40
1682044555239 -0.007684231270104647 41
1682044555278 -0.007313598413020372 42
1682044555329 -0.0072170766070485115 43
1682044555369 -0.007415571250021458 44
1682044555408 -0.007782700005918741 45
1682044555448 -0.00811796449124813 46
1682044555488 -0.008252281695604324 47
1682044555527 -0.00813291221857071 48
1682044555567 -0.007842877879738808 49
1682044555609 -0.007548660039901733 50
1682044555648 -0.00740739144384861 51
1682044555688 -0.007483730558305979 52
1682044555727 -0.0077211009338498116 53
1682044555767 -0.007980529218912125 54
1682044555807 -0.008121756836771965 55
1682044555846 -0.008080380037426949 56
1682044555885 -0.007898494601249695 57
1682044555925 -0.007693461608141661 58
1682044555964 -0.0075865210965275764 59
1682044556003 -0.0076332394964993 60
1682044556043 -0.00779593363404274 61
1682044556083 -0.007972226478159428 62
1682044556122 -0.008059363812208176 63
1682044556161 -0.008014923892915249 64
1682044556201 -0.007877697236835957 65
1682044556240 -0.007738725747913122 66
1682044556280 -0.007682704366743565 67
1682044556319 -0.007736867759376764 68
1682044556359 -0.00785871408879757 69
1682044556397 -0.007967171259224415 70
1682044556437 -0.00799566600471735 71
1682044556480 -0.007932691834867 72
1682044556523 -0.007825071923434734 73
1682044556565 -0.0077438573352992535 74
1682044556609 -0.007737389765679836 75
1682044556651 -0.00780160678550601 76
1682044556694 -0.007886814884841442 77
1682044556734 -0.007933560758829117 78
1682044556774 -0.007912279106676579 79
1682044556814 -0.0078407172113657 80
1682044556857 -0.007768603507429361 81
1682044556900 -0.007742441724985838 82
1682044556943 -0.007774156052619219 83
1682044556984 -0.007835698314011097 84
1682044557025 -0.00788186863064766 85
1682044557068 -0.007881993427872658 86
1682044557110 -0.007840147241950035 87
1682044557152 -0.007789738941937685 88
1682044557192 -0.007767619099467993 89
1682044557233 -0.007788187358528376 90
1682044557273 -0.007834823802113533 91
1682044557313 -0.007873931899666786 92
1682044557353 -0.007880102843046188 93
1682044557392 -0.007853636518120766 94
1682044557431 -0.007818125188350677 95
1682044557471 -0.007801317609846592 96
1682044557511 -0.00781461875885725 97
1682044557552 -0.007846224121749401 98
1682044557596 -0.007871599867939949 99
1682044557634 -0.007872501388192177 99
