1682044553595 0.0 0
1682044553636 0.009999576024711132 1
1682044553677 0.01987798884510994 2
1682044553717 0.02949989028275013 3
1682044553756 0.03867189958691597 4
1682044553797 0.047135986387729645 5
1682044553837 0.0545855350792408 6
1682044553877 0.06071808189153671 7
1682044553917 0.06531514972448349 8
1682044553956 0.06830283999443054 9
1682044553997 0.06975454837083817 10
1682044554040 0.0698462650179863 11
1682044554080 0.06880379468202591 12
1682044554119 0.06686624884605408 13
1682044554160 0.06426931172609329 14
1682044554198 0.061239562928676605 15
1682044554238 0.057994406670331955 16
1682044554278 0.054741036146879196 17
1682044554317 0.051672425121068954 18
1682044554357 0.04895978793501854 19
1682044554396 0.04674232751131058 20
1682044554436 0.045117877423763275 21
1682044554476 0.04413703456521034 22
1682044554515 0.04380284994840622 23
1682044554555 0.04407567158341408 24
1682044554596 0.04488097131252289 25
1682044554635 0.04611823335289955 26
1682044554675 0.04766915366053581 27
1682044554715 0.04940542206168175 28
1682044554755 0.0511963814496994 29
1682044554794 0.052915919572114944 30
1682044554833 0.05445026978850365 31
1682044554873 0.05570468679070473 32
1682044554913 0.056609753519296646 33
1682044554953 0.05712541937828064 34
1682044554992 0.05724227800965309 35
1682044555032 0.056980546563863754 36
1682044555071 0.05638604238629341 37
1682044555111 0.05552525445818901 38
1682044555151 0.05447882041335106 39
1682044555190 0.053335271775722504 40
1682044555230 0.052184030413627625 41
1682044555269 0.05110935494303703 42
1682044555321 0.05018426477909088 43
1682044555360 0.049465738236904144 44
1682044555399 0.0489916168153286 45
1682044555439 0.048778168857097626 46
1682044555479 0.048820506781339645 47
1682044555518 0.0490940660238266 48
1682044555558 0.04955796152353287 49
1682044555600 0.05015920102596283 50
1682044555639 0.05083785578608513 51
1682044555679 0.051532454788684845 52
1682044555718 0.052185408771038055 53
1682044555758 0.05274736508727074 54
1682044555797 0.05318058654665947 55
1682044555837 0.0534614622592926 56
1682044555876 0.05358119308948517 57
1682044555916 0.05354565754532814 58
1682044555955 0.05337364226579666 59
1682044555994 0.05309441313147545 60
1682044556034 0.05274464935064316 61
1682044556074 0.05236434191465378 62
1682044556113 0.051992859691381454 63
1682044556152 0.05166512355208397 64
1682044556192 0.05140875279903412 65
1682044556231 0.051242005079984665 66
1682044556270 0.051172878593206406 67
1682044556310 0.05119940638542175 68
1682044556350 0.0513102188706398 69
1682044556388 0.05148649960756302 70
1682044556428 0.05170443654060364 71
1682044556470 0.051937904208898544 72
1682044556513 0.05216110870242119 73
1682044556555 0.05235138162970543 74
1682044556598 0.05249091237783432 75
1682044556642 0.05256882309913635 76
1682044556684 0.05258139595389366 77
1682044556725 0.052531830966472626 78
1682044556765 0.05242964252829552 79
1682044556805 0.05228906124830246 80
1682044556847 0.052127376198768616 81
1682044556890 0.05196232721209526 82
1682044556933 0.051811058074235916 83
1682044556975 0.05168846249580383 84
1682044557015 0.05160461738705635 85
1682044557059 0.05156518518924713 86
1682044557100 0.051570694893598557 87
1682044557142 0.05161667615175247 88
1682044557183 0.05169505625963211 89
1682044557223 0.051794860512018204 90
1682044557264 0.051903754472732544 91
1682044557304 0.05200958997011185 92
1682044557344 0.052101653069257736 93
1682044557383 0.05217155069112778 94
1682044557422 0.05221404507756233 95
1682044557462 0.052227605134248734 96
1682044557501 0.0522141307592392 97
1682044557543 0.05217809975147247 98
1682044557585 0.0521259568631649 99
1682044557623 0.05206550285220146 99
