1682044553600 0.0 0
1682044553641 0.00999726727604866 1
1682044553681 0.013410982675850391 2
1682044553721 0.011280014179646969 3
1682044553761 0.007195260841399431 4
1682044553802 0.0031647472642362118 5
1682044553842 0.0008204970508813858 6
1682044553882 0.0006700950325466692 7
1682044553921 0.00213091098703444 8
1682044553961 0.004323780536651611 9
1682044554001 0.0063343835063278675 10
1682044554045 0.007404660806059837 11
1682044554085 0.007244401145726442 12
1682044554124 0.006062848959118128 13
1682044554164 0.004361225292086601 14
1682044554203 0.0027572198305279016 15
1682044554243 0.001813541050069034 16
1682044554282 0.0018222376238554716 17
1682044554322 0.0027176211588084698 18
1682044554362 0.0041644214652478695 19
1682044554401 0.005686819553375244 20
1682044554441 0.006808519829064608 21
1682044554481 0.007216690108180046 22
1682044554520 0.006870675832033157 23
1682044554560 0.005983802489936352 24
1682044554600 0.0049249567091465 25
1682044554640 0.00409249123185873 26
1682044554680 0.0037724499125033617 27
1682044554719 0.004036309197545052 28
1682044554759 0.004734714049845934 29
1682044554799 0.005567776504904032 30
1682044554838 0.00620212871581316 31
1682044554878 0.0063955881632864475 32
1682044554917 0.0060898964293301105 33
1682044554957 0.005420978181064129 34
1682044554997 0.004653971176594496 35
1682044555037 0.004078769125044346 36
1682044555076 0.003893469925969839 37
1682044555115 0.004131212364882231 38
1682044555155 0.004656797740608454 39
1682044555195 0.005234072916209698 40
1682044555235 0.005624548997730017 41
1682044555274 0.005687494296580553 42
1682044555325 0.00543123297393322 43
1682044555364 0.004998491611331701 44
1682044555404 0.004598642699420452 45
1682044555443 0.004410354886204004 46
1682044555483 0.004507243167608976 47
1682044555523 0.0048308162949979305 48
1682044555562 0.00522560253739357 49
1682044555604 0.0055132219567894936 50
1682044555643 0.005574166774749756 51
1682044555683 0.005398513283580542 52
1682044555722 0.00508453231304884 53
1682044555762 0.004785629920661449 54
1682044555802 0.004635334480553865 55
1682044555841 0.0046875751577317715 56
1682044555880 0.004895723890513182 57
1682044555920 0.005143359769135714 58
1682044555960 0.005304022692143917 59
1682044555999 0.005304038058966398 60
1682044556039 0.0051565770991146564 61
1682044556078 0.004947690758854151 62
1682044556117 0.004788467660546303 63
1682044556157 0.004756507463753223 64
1682044556196 0.004859332460910082 65
1682044556236 0.005034949164837599 66
1682044556275 0.005188464652746916 67
1682044556315 0.00524439150467515 68
1682044556354 0.005182110704481602 69
1682044556393 0.005043730139732361 70
1682044556433 0.0049079423770308495 71
1682044556475 0.004845676943659782 72
1682044556518 0.0048818886280059814 73
1682044556560 0.004986596293747425 74
1682044556604 0.005093249026685953 75
1682044556646 0.00514141283929348 76
1682044556689 0.005108071491122246 77
1682044556730 0.00501757487654686 78
1682044556769 0.004926125518977642 79
1682044556810 0.004886847920715809 80
1682044556852 0.004920412320643663 81
1682044556895 0.005001968238502741 82
1682044556938 0.005083054769784212 83
1682044556979 0.005121915601193905 84
1682044557020 0.005100874695926905 85
1682044557063 0.005040878430008888 86
1682044557105 0.004983521532267332 87
1682044557147 0.004963192157447338 88
1682044557188 0.004989814478904009 89
1682044557228 0.005042183678597212 90
1682044557268 0.005084271542727947 91
1682044557308 0.005089180544018745 92
1682044557348 0.005054907873272896 93
1682044557387 0.005002868827432394 94
1682044557427 0.004963485524058342 95
1682044557466 0.004958055447787046 96
1682044557506 0.004985750652849674 97
1682044557548 0.005024382378906012 98
1682044557591 0.005047040991485119 99
1682044557629 0.005041270516812801 99
