1682044553593 0.0 0
1682044553634 0.009999818168580532 1
1682044553674 0.019972749054431915 2
1682044553714 0.029896514490246773 3
1682044553754 0.039745625108480453 4
1682044553794 0.049491409212350845 5
1682044553835 0.05910181999206543 6
1682044553875 0.06854110211133957 7
1682044553914 0.07776925712823868 8
1682044553954 0.08674153685569763 9
1682044553994 0.09540815651416779 10
1682044554038 0.10371442139148712 11
1682044554078 0.11160152405500412 12
1682044554117 0.11900810152292252 13
1682044554157 0.12587252259254456 14
1682044554196 0.13213574886322021 15
1682044554236 0.13774456083774567 16
1682044554275 0.1426546424627304 17
1682044554315 0.14683327078819275 18
1682044554355 0.15026123821735382 19
1682044554394 0.15293386578559875 20
1682044554434 0.15486107766628265 21
1682044554474 0.1560666710138321 22
1682044554513 0.1565869152545929 23
1682044554552 0.15646880865097046 24
1682044554594 0.15576808154582977 25
1682044554633 0.15454722940921783 26
1682044554673 0.15287353098392487 27
1682044554712 0.15081730484962463 28
1682044554752 0.14845037460327148 29
1682044554792 0.14584463834762573 30
1682044554831 0.1430709958076477 31
1682044554871 0.1401982605457306 32
1682044554911 0.13729237020015717 33
1682044554950 0.13441547751426697 34
1682044554990 0.1316252052783966 35
1682044555030 0.12897376716136932 36
1682044555069 0.12650714814662933 37
1682044555109 0.12426432222127914 38
1682044555148 0.122276671230793 39
1682044555188 0.12056756764650345 40
1682044555228 0.11915230005979538 41
1682044555267 0.11803823709487915 42
1682044555318 0.1172252893447876 43
1682044555358 0.11670650541782379 44
1682044555397 0.11646880209445953 45
1682044555437 0.11649372428655624 46
1682044555477 0.11675824224948883 47
1682044555516 0.11723558604717255 48
1682044555555 0.11789611726999283 49
1682044555598 0.11870822310447693 50
1682044555637 0.11963920295238495 51
1682044555676 0.12065614014863968 52
1682044555716 0.12172669172286987 53
1682044555755 0.12281978130340576 54
1682044555795 0.12390617281198502 55
1682044555834 0.12495898455381393 56
1682044555874 0.12595410645008087 57
1682044555913 0.12687060236930847 58
1682044555953 0.12769100069999695 59
1682044555992 0.12840159237384796 60
1682044556032 0.12899257242679596 61
1682044556071 0.12945805490016937 62
1682044556111 0.12979599833488464 63
1682044556150 0.13000798225402832 64
1682044556189 0.13009890913963318 65
1682044556229 0.13007666170597076 66
1682044556268 0.12995168566703796 67
1682044556308 0.12973657250404358 68
1682044556347 0.12944555282592773 69
1682044556386 0.1290939748287201 70
1682044556425 0.12869775295257568 71
1682044556467 0.12827280163764954 72
1682044556510 0.12783454358577728 73
1682044556553 0.12739746272563934 74
1682044556596 0.12697471678256989 75
1682044556639 0.12657785415649414 76
1682044556682 0.1262165755033493 77
1682044556723 0.1258985996246338 78
1682044556762 0.12562958896160126 79
1682044556803 0.12541311979293823 80
1682044556845 0.12525078654289246 81
1682044556888 0.12514232099056244 82
1682044556930 0.12508581578731537 83
1682044556972 0.1250779628753662 84
1682044557012 0.1251142919063568 85
1682044557056 0.12518945336341858 86
1682044557098 0.125297412276268 87
1682044557140 0.12543176114559174 88
1682044557181 0.1255858838558197 89
1682044557221 0.1257532238960266 90
1682044557261 0.1259274184703827 91
1682044557302 0.126102477312088 92
1682044557342 0.12627293169498444 93
1682044557381 0.12643387913703918 94
1682044557420 0.1265811175107956 95
1682044557460 0.1267111450433731 96
1682044557499 0.12682123482227325 97
1682044557541 0.12690947949886322 98
1682044557583 0.12697474658489227 99
1682044557620 0.12701670825481415 99
