1682044553598 0.0 0
1682044553638 0.009999698027968407 1
1682044553679 0.01993834227323532 2
1682044553719 0.02975841984152794 3
1682044553759 0.039387449622154236 4
1682044553799 0.04873579740524292 5
1682044553839 0.05769546329975128 6
1682044553879 0.06614059209823608 7
1682044553919 0.07393145561218262 8
1682044553958 0.0809234231710434 9
1682044553999 0.08698108047246933 10
1682044554043 0.09199519455432892 11
1682044554082 0.09589795023202896 12
1682044554122 0.09867138415575027 13
1682044554162 0.10034673660993576 14
1682044554201 0.10099627822637558 15
1682044554241 0.10072175413370132 16
1682044554280 0.09964308887720108 17
1682044554319 0.09788952767848969 18
1682044554360 0.09559375792741776 19
1682044554399 0.09288839995861053 20
1682044554439 0.08990404009819031 21
1682044554478 0.08676794171333313 22
1682044554517 0.08360273391008377 23
1682044554557 0.08052463084459305 24
1682044554598 0.0776408463716507 25
1682044554638 0.0750463455915451 26
1682044554678 0.07282018661499023 27
1682044554717 0.07102219015359879 28
1682044554757 0.06969060003757477 29
1682044554797 0.06884103268384933 30
1682044554835 0.0684671476483345 31
1682044554875 0.06854256987571716 32
1682044554915 0.06902384757995605 33
1682044554955 0.06985386461019516 34
1682044554995 0.0709652528166771 35
1682044555034 0.0722837969660759 36
1682044555073 0.07373151183128357 37
1682044555113 0.07522983103990555 38
1682044555153 0.07670266181230545 39
1682044555193 0.07807964086532593 40
1682044555232 0.0792992040514946 41
1682044555271 0.08031146973371506 42
1682044555323 0.0810803696513176 43
1682044555362 0.08158493041992188 44
1682044555402 0.0818195641040802 45
1682044555441 0.08179320394992828 46
1682044555481 0.08152776956558228 47
1682044555521 0.08105599880218506 48
1682044555560 0.08041906356811523 49
1682044555602 0.07966399192810059 50
1682044555641 0.07884104549884796 51
1682044555681 0.07800106704235077 52
1682044555720 0.07719283550977707 53
1682044555760 0.07646042853593826 54
1682044555799 0.07584083080291748 55
1682044555839 0.07536207884550095 56
1682044555878 0.07504202425479889 57
1682044555918 0.07488792389631271 58
1682044555958 0.07489679008722305 59
1682044555997 0.07505640387535095 60
1682044556036 0.07534675300121307 61
1682044556076 0.0757417380809784 62
1682044556115 0.07621096819639206 63
1682044556154 0.0767216831445694 64
1682044556194 0.07724075019359589 65
1682044556233 0.07773665338754654 66
1682044556273 0.07818136364221573 67
1682044556313 0.0785520002245903 68
1682044556352 0.07883191853761673 69
1682044556391 0.07901135087013245 70
1682044556430 0.07908748090267181 71
1682044556472 0.0790640190243721 72
1682044556515 0.07895036786794662 73
1682044556558 0.07876063138246536 74
1682044556601 0.07851235568523407 75
1682044556644 0.07822534441947937 76
1682044556686 0.07792028039693832 77
1682044556727 0.0776173397898674 78
1682044556767 0.07733497768640518 79
1682044556808 0.07708876579999924 80
1682044556850 0.07689063251018524 81
1682044556892 0.07674826681613922 82
1682044556936 0.07666516304016113 83
1682044556977 0.07664084434509277 84
1682044557017 0.07667110860347748 85
1682044557061 0.0767488032579422 86
1682044557103 0.07686445116996765 87
1682044557145 0.077006995677948 88
1682044557185 0.07716470211744308 89
1682044557226 0.07732593268156052 90
1682044557266 0.07747993618249893 91
1682044557306 0.07761752605438232 92
1682044557346 0.07773155719041824 93
1682044557385 0.0778171643614769 94
1682044557424 0.07787185162305832 95
1682044557464 0.07789543271064758 96
1682044557503 0.07788977771997452 97
1682044557545 0.07785844802856445 98
1682044557588 0.07780633121728897 99
1682044557626 0.07773927599191666 99
