1682044553607 0.0 0
1682044553648 -0.009992837905883789 1
1682044553688 -0.0054982611909508705 2
1682044553728 -0.00018226541578769684 3
1682044553768 0.001987465424463153 4
1682044553808 0.0007670345949009061 5
1682044553849 -0.002141027245670557 6
1682044553888 -0.0051980894058942795 7
1682044553928 -0.007012067828327417 8
1682044553968 -0.00701024429872632 9
1682044554011 -0.0055833677761256695 10
1682044554052 -0.0035099710803478956 11
1682044554091 -0.0016710561467334628 12
1682044554131 -0.0007921707583591342 13
1682044554171 -0.001106531941331923 14
1682044554210 -0.0023462767712771893 15
1682044554250 -0.003962418995797634 16
1682044554289 -0.005317409988492727 17
1682044554329 -0.005910639185458422 18
1682044554368 -0.005590908695012331 19
1682044554408 -0.004570657853037119 20
1682044554448 -0.0032921957317739725 21
1682044554487 -0.0022627089638262987 22
1682044554526 -0.0018610970582813025 23
1682044554566 -0.00218366296030581 24
1682044554607 -0.003034804482012987 25
1682044554647 -0.00403271708637476 26
1682044554687 -0.004762447439134121 27
1682044554726 -0.0049452707171440125 28
1682044554766 -0.004550490994006395 29
1682044554805 -0.0037862539757043123 30
1682044554845 -0.0029967986047267914 31
1682044554885 -0.002515691565349698 32
1682044554924 -0.002522128401324153 33
1682044554964 -0.0029715162236243486 34
1682044555004 -0.003632107051089406 35
1682044555043 -0.0041959453374147415 36
1682044555083 -0.004417952615767717 37
1682044555122 -0.004224145319312811 38
1682044555162 -0.003733942285180092 39
1682044555202 -0.003192748874425888 40
1682044555241 -0.0028529700357466936 41
1682044555281 -0.0028552780859172344 42
1682044555332 -0.00316856917925179 43
1682044555371 -0.0036165399942547083 44
1682044555411 -0.00397087074816227 45
1682044555450 -0.004065200220793486 46
1682044555490 -0.0038735694251954556 47
1682044555529 -0.0035140602849423885 48
1682044555569 -0.0031805315520614386 49
1682044555611 -0.0030403309501707554 50
1682044555650 -0.0031501860357820988 51
1682044555690 -0.003434161189943552 52
1682044555729 -0.003731765318661928 53
1682044555769 -0.0038872673176229 54
1682044555809 -0.0038318848237395287 55
1682044555848 -0.0036146549973636866 56
1682044555887 -0.003368023317307234 57
1682044555927 -0.0032303743064403534 58
1682044555967 -0.003269765293225646 59
1682044556006 -0.003450996708124876 60
1682044556045 -0.0036622846964746714 61
1682044556085 -0.0037832753732800484 62
1682044556124 -0.0037538246251642704 63
1682044556164 -0.0036042286083102226 64
1682044556203 -0.0034314021468162537 65
1682044556242 -0.0033380843233317137 66
1682044556282 -0.003372380044311285 67
1682044556321 -0.0035032755695283413 68
1682044556361 -0.0036448328755795956 69
1682044556400 -0.003711416618898511 70
1682044556440 -0.0036692044232040644 71
1682044556482 -0.0035529090091586113 72
1682044556525 -0.0034395854454487562 73
1682044556568 -0.0033981110900640488 74
1682044556612 -0.0034472292754799128 75
1682044556654 -0.0035474698524922132 76
1682044556696 -0.0036303726956248283 77
1682044556736 -0.0036439516115933657 78
1682044556776 -0.0035844966769218445 79
1682044556817 -0.003495369805023074 80
1682044556860 -0.0034355155657976866 81
1682044556902 -0.0034402625169605017 82
1682044556945 -0.00349994539283216 83
1682044556986 -0.003569736611098051 84
1682044557027 -0.003602263517677784 85
1682044557070 -0.003579030279070139 86
1682044557113 -0.0035206268075853586 87
1682044557154 -0.003469865769147873 88
1682044557194 -0.003460930660367012 89
1682044557235 -0.0034968778491020203 90
1682044557276 -0.0035499201621860266 91
1682044557316 -0.0035829097032546997 92
1682044557355 -0.0035757292062044144 93
1682044557394 -0.003537910059094429 94
1682044557433 -0.0034995130263268948 95
1682044557473 -0.0034882444888353348 96
1682044557513 -0.0035100611858069897 97
1682044557555 -0.0035467646084725857 98
1682044557599 -0.0035709349904209375 99
1682044557637 -0.003566317493095994 99
