1682044553612 0.0 0
1682044553652 -0.009990566410124302 1
1682044553692 -0.004558935761451721 2
1682044553733 0.001235641073435545 3
1682044553773 0.0033554662950336933 4
1682044553813 0.001973699312657118 5
1682044553853 -0.001106862910091877 6
1682044553893 -0.004380699247121811 7
1682044553932 -0.006472506560385227 8
1682044553972 -0.006727435626089573 9
1682044554016 -0.0054441047832369804 10
1682044554056 -0.0033355134073644876 11
1682044554096 -0.0012335903011262417 12
1682044554135 9.089813102036715e-05 13
1682044554175 0.00023867264098953456 14
1682044554214 -0.0006915629492141306 15
1682044554254 -0.0022665837313979864 16
1682044554294 -0.003900389187037945 17
1682044554333 -0.005020711570978165 18
1682044554373 -0.00527899619191885 19
1682044554412 -0.00467343395575881 20
1682044554452 -0.003494093893095851 21
1682044554492 -0.0021927719935774803 22
1682044554531 -0.0012354922946542501 23
1682044554571 -0.0009346717270091176 24
1682044554611 -0.0013358076103031635 25
1682044554651 -0.002229750854894519 26
1682044554691 -0.0032507963478565216 27
1682044554731 -0.004010086879134178 28
1682044554770 -0.0042412723414599895 29
1682044554809 -0.0038991416804492474 30
1682044554849 -0.0031580848153680563 31
1682044554889 -0.0023297560401260853 32
1682044554929 -0.0017399964854121208 33
1682044554969 -0.0016001182375475764 34
1682044555008 -0.00192729861009866 35
1682044555048 -0.0025521335192024708 36
1682044555087 -0.0031984327360987663 37
1682044555127 -0.0035991203039884567 38
1682044555167 -0.00360681489109993 39
1682044555206 -0.0032488773576915264 40
1682044555246 -0.002703735139220953 41
1682044555285 -0.0022166201379150152 42
1682044555336 -0.0019914391450583935 43
1682044555376 -0.002103853737935424 44
1682044555415 -0.0024761778768152 45
1682044555455 -0.002922017825767398 46
1682044555495 -0.0032354583963751793 47
1682044555534 -0.003285234095528722 48
1682044555573 -0.0030702659860253334 49
1682044555615 -0.0027114110998809338 50
1682044555655 -0.002387611661106348 51
1682044555694 -0.002248637145385146 52
1682044555734 -0.0023457943461835384 53
1682044555773 -0.0026140082627534866 54
1682044555813 -0.0029110165778547525 55
1682044555852 -0.0030912719666957855 56
1682044555892 -0.003077510744333267 57
1682044555931 -0.002894266974180937 58
1682044555971 -0.0026485221460461617 59
1682044556010 -0.0024703461676836014 60
1682044556050 -0.0024454123340547085 61
1682044556089 -0.002574343467131257 62
1682044556128 -0.0027784709818661213 63
1682044556168 -0.00294624175876379 64
1682044556208 -0.0029937531799077988 65
1682044556247 -0.002906954614445567 66
1682044556286 -0.002743972698226571 67
1682044556326 -0.002598769264295697 68
1682044556365 -0.00254808459430933 69
1682044556404 -0.00261109322309494 70
1682044556445 -0.0027432197239249945 71
1682044556487 -0.002865380607545376 72
1682044556530 -0.002910308074206114 73
1682044556573 -0.0028591107111424208 74
1682044556616 -0.0027482861187309027 75
1682044556659 -0.002644865307956934 76
1682044556701 -0.0026061199605464935 77
1682044556741 -0.002647596411406994 78
1682044556781 -0.0027373458724468946 79
1682044556822 -0.002818115521222353 80
1682044556865 -0.0028426633216440678 81
1682044556907 -0.0028008425142616034 82
1682044556950 -0.0027226463425904512 83
1682044556991 -0.002657316392287612 84
1682044557032 -0.0026426278054714203 85
1682044557075 -0.002682874910533428 86
1682044557117 -0.002748914295807481 87
1682044557159 -0.0027985074557363987 88
1682044557199 -0.0028030932880938053 89
1682044557240 -0.0027643812354654074 90
1682044557280 -0.0027108886279165745 91
1682044557320 -0.0026780255138874054 92
1682044557359 -0.0026853110175579786 93
1682044557399 -0.0027252756990492344 94
1682044557438 -0.002770247170701623 95
1682044557477 -0.0027915211394429207 96
1682044557518 -0.0027778716757893562 97
1682044557559 -0.00274147791787982 98
1682044557604 -0.002708164509385824 99
1682044557642 -0.0026994335930794477 99
