1682044553591 0.0 0
1682044553631 0.009999582543969154 1
1682044553672 0.019895039498806 2
1682044553712 0.029577672481536865 3
1682044553752 0.038900814950466156 4
1682044553792 0.047674164175987244 5
1682044553832 0.05566887557506561 6
1682044553872 0.06263952702283859 7
1682044553912 0.06836564093828201 8
1682044553952 0.07270094752311707 9
1682044553992 0.07560474425554276 10
1682044554036 0.07714008539915085 11
1682044554076 0.07744670659303665 12
1682044554115 0.07670779526233673 13
1682044554155 0.07512415945529938 14
1682044554194 0.07289928197860718 15
1682044554234 0.07023221999406815 16
1682044554273 0.06731429696083069 17
1682044554313 0.06432652473449707 18
1682044554353 0.06143609434366226 19
1682044554392 0.05879141017794609 20
1682044554432 0.05651625618338585 21
1682044554471 0.05470435321331024 22
1682044554511 0.05341560021042824 23
1682044554550 0.05267471447587013 24
1682044554590 0.052472423762083054 25
1682044554631 0.052768778055906296 26
1682044554671 0.053497862070798874 27
1682044554710 0.054573286324739456 28
1682044554750 0.055894188582897186 29
1682044554790 0.05735168978571892 30
1682044554828 0.058835748583078384 31
1682044554868 0.060242243111133575 32
1682044554908 0.06147975102066994 33
1682044554948 0.06247524544596672 34
1682044554988 0.06317800283432007 35
1682044555027 0.06356128305196762 36
1682044555067 0.06362193077802658 37
1682044555106 0.06337830424308777 38
1682044555146 0.06286728382110596 39
1682044555186 0.06214066222310066 40
1682044555225 0.06126132979989052 41
1682044555265 0.06029906123876572 42
1682044555316 0.0593259371817112 43
1682044555355 0.05841134861111641 44
1682044555395 0.05761687830090523 45
1682044555434 0.05699165537953377 46
1682044555474 0.05656879022717476 47
1682044555514 0.05636350065469742 48
1682044555553 0.056373145431280136 49
1682044555593 0.056579023599624634 50
1682044555634 0.05694940313696861 51
1682044555674 0.05744325369596481 52
1682044555713 0.05801406875252724 53
1682044555753 0.05861355736851692 54
1682044555792 0.05919501185417175 55
1682044555832 0.05971639230847359 56
1682044555871 0.0601431280374527 57
1682044555911 0.0604504719376564 58
1682044555950 0.060625217854976654 59
1682044555990 0.060666389763355255 60
1682044556029 0.060584716498851776 61
1682044556069 0.06040087714791298 62
1682044556108 0.06014273688197136 63
1682044556147 0.05984201282262802 64
1682044556187 0.05953090637922287 65
1682044556227 0.05923912674188614 66
1682044556266 0.05899161845445633 67
1682044556306 0.05880698189139366 68
1682044556345 0.058696579188108444 69
1682044556384 0.05866411700844765 70
1682044556423 0.05870574712753296 71
1682044556465 0.05881068855524063 72
1682044556508 0.058962468057870865 73
1682044556550 0.059140775352716446 74
1682044556594 0.05932382494211197 75
1682044556637 0.05949084833264351 76
1682044556679 0.05962436646223068 77
1682044556720 0.05971185117959976 78
1682044556760 0.059746574610471725 79
1682044556800 0.05972767993807793 80
1682044556843 0.059659693390131 81
1682044556885 0.0595516711473465 82
1682044556928 0.05941609665751457 83
1682044556970 0.05926765128970146 84
1682044557010 0.05912183225154877 85
1682044557053 0.058993346989154816 86
1682044557095 0.0588945634663105 87
1682044557138 0.05883418023586273 88
1682044557178 0.05881636217236519 89
1682044557218 0.058840565383434296 90
1682044557259 0.05890196934342384 91
1682044557299 0.05899237096309662 92
1682044557339 0.05910133942961693 93
1682044557378 0.05921740084886551 94
1682044557418 0.05932914838194847 95
1682044557457 0.05942625179886818 96
1682044557496 0.059500377625226974 97
1682044557538 0.05954597145318985 98
1682044557580 0.05956074967980385 99
1682044557617 0.059545811265707016 99
