1682044524478 78.88241153293185 1
1682044525071 79.6336407131619 2
1682044525658 79.90768093532986 3
1682044526245 80.02459462483723 4
1682044526786 80.11148240831163 5
1682044527317 80.1129379272461 6
1682044527905 80.11331346299913 7
1682044528479 80.11343383789062 8
1682044529017 80.11346944173177 9
1682044529546 80.11348470052083 10
1682044530077 80.11349317762587 11
1682044530681 80.11349487304688 12
1682044531276 80.1135025024414 13
1682044531881 80.11350335015192 14
1682044532444 80.1135016547309 15
1682044533585 80.11349995930989 16
