1682043972828 0.0 0
1682043972868 -0.009990566410124302 1
1682043972909 -0.004558935761451721 2
1682043972949 0.001235641073435545 3
1682043972990 0.0033554662950336933 4
1682043973030 0.001973699312657118 5
1682043973070 -0.001106862910091877 6
1682043973111 -0.004380699247121811 7
1682043973150 -0.006472506560385227 8
1682043973190 -0.006727435626089573 9
1682043973229 -0.0054441047832369804 10
1682043973269 -0.0033355134073644876 11
1682043973308 -0.0012335903011262417 12
1682043973348 9.089813102036715e-05 13
1682043973388 0.00023867264098953456 14
1682043973429 -0.0006915629492141306 15
1682043973471 -0.0022665837313979864 16
1682043973512 -0.003900389187037945 17
1682043973551 -0.005020711570978165 18
1682043973592 -0.00527899619191885 19
1682043973633 -0.00467343395575881 20
1682043973675 -0.003494093893095851 21
1682043973718 -0.0021927719935774803 22
1682043973762 -0.0012354922946542501 23
1682043973805 -0.0009346717270091176 24
1682043973845 -0.0013358076103031635 25
1682043973886 -0.002229750854894519 26
1682043973928 -0.0032507963478565216 27
1682043973970 -0.004010086879134178 28
1682043974013 -0.0042412723414599895 29
1682043974056 -0.0038991416804492474 30
1682043974098 -0.0031580848153680563 31
1682043974141 -0.0023297560401260853 32
1682043974188 -0.0017399964854121208 33
1682043974234 -0.0016001182375475764 34
1682043974278 -0.00192729861009866 35
1682043974321 -0.0025521335192024708 36
1682043974364 -0.0031984327360987663 37
1682043974407 -0.0035991203039884567 38
1682043974451 -0.00360681489109993 39
1682043974494 -0.0032488773576915264 40
1682043974538 -0.002703735139220953 41
1682043974582 -0.0022166201379150152 42
1682043974624 -0.0019914391450583935 43
1682043974668 -0.002103853737935424 44
1682043974710 -0.0024761778768152 45
1682043974754 -0.002922017825767398 46
1682043974797 -0.0032354583963751793 47
1682043974839 -0.003285234095528722 48
1682043974881 -0.0030702659860253334 49
1682043974921 -0.0027114110998809338 50
1682043974962 -0.002387611661106348 51
1682043975003 -0.002248637145385146 52
1682043975043 -0.0023457943461835384 53
1682043975084 -0.0026140082627534866 54
1682043975124 -0.0029110165778547525 55
1682043975164 -0.0030912719666957855 56
1682043975204 -0.003077510744333267 57
1682043975245 -0.002894266974180937 58
1682043975285 -0.0026485221460461617 59
1682043975326 -0.0024703461676836014 60
1682043975367 -0.0024454123340547085 61
1682043975407 -0.002574343467131257 62
1682043975447 -0.0027784709818661213 63
1682043975490 -0.00294624175876379 64
1682043975532 -0.0029937531799077988 65
1682043975573 -0.002906954614445567 66
1682043975615 -0.002743972698226571 67
1682043975655 -0.002598769264295697 68
1682043975697 -0.00254808459430933 69
1682043975744 -0.00261109322309494 70
1682043975788 -0.0027432197239249945 71
1682043975832 -0.002865380607545376 72
1682043975875 -0.002910308074206114 73
1682043975918 -0.0028591107111424208 74
1682043975960 -0.0027482861187309027 75
1682043976001 -0.002644865307956934 76
1682043976045 -0.0026061199605464935 77
1682043976089 -0.002647596411406994 78
1682043976132 -0.0027373458724468946 79
1682043976175 -0.002818115521222353 80
1682043976217 -0.0028426633216440678 81
1682043976258 -0.0028008425142616034 82
1682043976333 -0.0027226463425904512 83
1682043976373 -0.002657316392287612 84
1682043976414 -0.0026426278054714203 85
1682043976455 -0.002682874910533428 86
1682043976496 -0.002748914295807481 87
1682043976536 -0.0027985074557363987 88
1682043976577 -0.0028030932880938053 89
1682043976617 -0.0027643812354654074 90
1682043976658 -0.0027108886279165745 91
1682043976698 -0.0026780255138874054 92
1682043976739 -0.0026853110175579786 93
1682043976779 -0.0027252756990492344 94
1682043976820 -0.002770247170701623 95
1682043976860 -0.0027915211394429207 96
1682043976900 -0.0027778716757893562 97
1682043976940 -0.00274147791787982 98
1682043976980 -0.002708164509385824 99
1682043977012 -0.0026994335930794477 99
