1682043972814 0.0 0
1682043972855 0.009999698027968407 1
1682043972895 0.01993834227323532 2
1682043972935 0.02975841984152794 3
1682043972976 0.039387449622154236 4
1682043973016 0.04873579740524292 5
1682043973056 0.05769546329975128 6
1682043973096 0.06614059209823608 7
1682043973136 0.07393145561218262 8
1682043973177 0.0809234231710434 9
1682043973216 0.08698108047246933 10
1682043973255 0.09199519455432892 11
1682043973295 0.09589795023202896 12
1682043973335 0.09867138415575027 13
1682043973374 0.10034673660993576 14
1682043973415 0.10099627822637558 15
1682043973457 0.10072175413370132 16
1682043973498 0.09964308887720108 17
1682043973538 0.09788952767848969 18
1682043973578 0.09559375792741776 19
1682043973618 0.09288839995861053 20
1682043973661 0.08990404009819031 21
1682043973704 0.08676794171333313 22
1682043973747 0.08360273391008377 23
1682043973790 0.08052463084459305 24
1682043973832 0.0776408463716507 25
1682043973872 0.0750463455915451 26
1682043973913 0.07282018661499023 27
1682043973955 0.07102219015359879 28
1682043973999 0.06969060003757477 29
1682043974041 0.06884103268384933 30
1682043974084 0.0684671476483345 31
1682043974127 0.06854256987571716 32
1682043974172 0.06902384757995605 33
1682043974217 0.06985386461019516 34
1682043974263 0.0709652528166771 35
1682043974307 0.0722837969660759 36
1682043974349 0.07373151183128357 37
1682043974393 0.07522983103990555 38
1682043974436 0.07670266181230545 39
1682043974479 0.07807964086532593 40
1682043974523 0.0792992040514946 41
1682043974567 0.08031146973371506 42
1682043974610 0.0810803696513176 43
1682043974652 0.08158493041992188 44
1682043974696 0.0818195641040802 45
1682043974738 0.08179320394992828 46
1682043974782 0.08152776956558228 47
1682043974825 0.08105599880218506 48
1682043974866 0.08041906356811523 49
1682043974907 0.07966399192810059 50
1682043974948 0.07884104549884796 51
1682043974989 0.07800106704235077 52
1682043975029 0.07719283550977707 53
1682043975070 0.07646042853593826 54
1682043975111 0.07584083080291748 55
1682043975150 0.07536207884550095 56
1682043975190 0.07504202425479889 57
1682043975231 0.07488792389631271 58
1682043975271 0.07489679008722305 59
1682043975312 0.07505640387535095 60
1682043975353 0.07534675300121307 61
1682043975394 0.0757417380809784 62
1682043975434 0.07621096819639206 63
1682043975475 0.0767216831445694 64
1682043975518 0.07724075019359589 65
1682043975559 0.07773665338754654 66
1682043975600 0.07818136364221573 67
1682043975641 0.0785520002245903 68
1682043975681 0.07883191853761673 69
1682043975728 0.07901135087013245 70
1682043975774 0.07908748090267181 71
1682043975817 0.0790640190243721 72
1682043975860 0.07895036786794662 73
1682043975903 0.07876063138246536 74
1682043975946 0.07851235568523407 75
1682043975987 0.07822534441947937 76
1682043976030 0.07792028039693832 77
1682043976074 0.0776173397898674 78
1682043976118 0.07733497768640518 79
1682043976160 0.07708876579999924 80
1682043976203 0.07689063251018524 81
1682043976243 0.07674826681613922 82
1682043976319 0.07666516304016113 83
1682043976359 0.07664084434509277 84
1682043976399 0.07667110860347748 85
1682043976441 0.0767488032579422 86
1682043976482 0.07686445116996765 87
1682043976522 0.077006995677948 88
1682043976563 0.07716470211744308 89
1682043976603 0.07732593268156052 90
1682043976644 0.07747993618249893 91
1682043976684 0.07761752605438232 92
1682043976725 0.07773155719041824 93
1682043976765 0.0778171643614769 94
1682043976805 0.07787185162305832 95
1682043976846 0.07789543271064758 96
1682043976886 0.07788977771997452 97
1682043976926 0.07785844802856445 98
1682043976967 0.07780633121728897 99
1682043976998 0.07773927599191666 99
