1682043972784 97.08769226074219 0
1682043972844 97.08770751953125 1
1682043972885 97.08771514892578 2
1682043972925 97.08773040771484 3
1682043972966 97.0877456665039 4
1682043973006 97.08776092529297 5
1682043973046 97.08777618408203 6
1682043973086 97.08778381347656 7
1682043973127 97.08779907226562 8
1682043973166 97.08780670166016 9
1682043973206 97.08781433105469 10
1682043973245 97.08782196044922 11
1682043973285 97.08782958984375 12
1682043973325 97.08783721923828 13
1682043973364 97.08783721923828 14
1682043973404 97.08783721923828 15
1682043973446 97.08784484863281 16
1682043973487 97.08784484863281 17
1682043973528 97.08784484863281 18
1682043973568 97.08784484863281 19
1682043973608 97.08784484863281 20
1682043973650 97.08784484863281 21
1682043973693 97.08783721923828 22
1682043973736 97.08783721923828 23
1682043973779 97.08783721923828 24
1682043973822 97.08783721923828 25
1682043973862 97.08783721923828 26
1682043973902 97.08783721923828 27
1682043973945 97.08783721923828 28
1682043973988 97.08782958984375 29
1682043974031 97.08782958984375 30
1682043974073 97.08782958984375 31
1682043974116 97.08782958984375 32
1682043974159 97.08782958984375 33
1682043974207 97.08782196044922 34
1682043974252 97.08782196044922 35
1682043974296 97.08782196044922 36
1682043974338 97.08782196044922 37
1682043974382 97.08782196044922 38
1682043974425 97.08782196044922 39
1682043974468 97.08782196044922 40
1682043974512 97.08782196044922 41
1682043974555 97.08782196044922 42
1682043974600 97.08782196044922 43
1682043974642 97.08781433105469 44
1682043974685 97.08781433105469 45
1682043974727 97.08781433105469 46
1682043974771 97.08781433105469 47
1682043974814 97.08781433105469 48
1682043974856 97.08781433105469 49
1682043974897 97.08781433105469 50
1682043974937 97.08782196044922 51
1682043974978 97.08782196044922 52
1682043975019 97.08782196044922 53
1682043975059 97.08782196044922 54
1682043975100 97.08782196044922 55
1682043975140 97.08782196044922 56
1682043975180 97.08782196044922 57
1682043975220 97.08782196044922 58
1682043975261 97.08782196044922 59
1682043975302 97.08782196044922 60
1682043975343 97.08782196044922 61
1682043975383 97.08782196044922 62
1682043975423 97.08782196044922 63
1682043975464 97.08782196044922 64
1682043975507 97.08782196044922 65
1682043975549 97.08782196044922 66
1682043975590 97.08782196044922 67
1682043975631 97.08782196044922 68
1682043975671 97.08782196044922 69
1682043975716 97.08782196044922 70
1682043975762 97.08782196044922 71
1682043975806 97.08782196044922 72
1682043975850 97.08782196044922 73
1682043975893 97.08782196044922 74
1682043975935 97.08782196044922 75
1682043975977 97.08782196044922 76
1682043976019 97.08782196044922 77
1682043976063 97.08782196044922 78
1682043976106 97.08782196044922 79
1682043976150 97.08782196044922 80
1682043976192 97.08782196044922 81
1682043976233 97.08782196044922 82
1682043976274 97.08782196044922 83
1682043976349 97.08782196044922 84
1682043976389 97.08782196044922 85
1682043976431 97.08782196044922 86
1682043976472 97.08782196044922 87
1682043976512 97.08782196044922 88
1682043976552 97.08782196044922 89
1682043976593 97.08782196044922 90
1682043976633 97.08782196044922 91
1682043976674 97.08782196044922 92
1682043976715 97.08782196044922 93
1682043976755 97.08782196044922 94
1682043976795 97.08782196044922 95
1682043976836 97.08782196044922 96
1682043976876 97.08782196044922 97
1682043976917 97.08782196044922 98
1682043976956 97.08782196044922 99
1682043976988 97.08782196044922 99
