1682043972824 0.0 0
1682043972864 -0.009992837905883789 1
1682043972905 -0.0054982611909508705 2
1682043972945 -0.00018226541578769684 3
1682043972985 0.001987465424463153 4
1682043973025 0.0007670345949009061 5
1682043973065 -0.002141027245670557 6
1682043973106 -0.0051980894058942795 7
1682043973146 -0.007012067828327417 8
1682043973186 -0.00701024429872632 9
1682043973225 -0.0055833677761256695 10
1682043973264 -0.0035099710803478956 11
1682043973304 -0.0016710561467334628 12
1682043973344 -0.0007921707583591342 13
1682043973383 -0.001106531941331923 14
1682043973424 -0.0023462767712771893 15
1682043973467 -0.003962418995797634 16
1682043973507 -0.005317409988492727 17
1682043973547 -0.005910639185458422 18
1682043973587 -0.005590908695012331 19
1682043973628 -0.004570657853037119 20
1682043973671 -0.0032921957317739725 21
1682043973713 -0.0022627089638262987 22
1682043973757 -0.0018610970582813025 23
1682043973800 -0.00218366296030581 24
1682043973841 -0.003034804482012987 25
1682043973882 -0.00403271708637476 26
1682043973923 -0.004762447439134121 27
1682043973965 -0.0049452707171440125 28
1682043974008 -0.004550490994006395 29
1682043974051 -0.0037862539757043123 30
1682043974094 -0.0029967986047267914 31
1682043974136 -0.002515691565349698 32
1682043974183 -0.002522128401324153 33
1682043974228 -0.0029715162236243486 34
1682043974273 -0.003632107051089406 35
1682043974316 -0.0041959453374147415 36
1682043974359 -0.004417952615767717 37
1682043974403 -0.004224145319312811 38
1682043974446 -0.003733942285180092 39
1682043974490 -0.003192748874425888 40
1682043974533 -0.0028529700357466936 41
1682043974577 -0.0028552780859172344 42
1682043974620 -0.00316856917925179 43
1682043974663 -0.0036165399942547083 44
1682043974706 -0.00397087074816227 45
1682043974749 -0.004065200220793486 46
1682043974792 -0.0038735694251954556 47
1682043974834 -0.0035140602849423885 48
1682043974876 -0.0031805315520614386 49
1682043974917 -0.0030403309501707554 50
1682043974957 -0.0031501860357820988 51
1682043974999 -0.003434161189943552 52
1682043975039 -0.003731765318661928 53
1682043975079 -0.0038872673176229 54
1682043975120 -0.0038318848237395287 55
1682043975159 -0.0036146549973636866 56
1682043975200 -0.003368023317307234 57
1682043975240 -0.0032303743064403534 58
1682043975281 -0.003269765293225646 59
1682043975322 -0.003450996708124876 60
1682043975362 -0.0036622846964746714 61
1682043975403 -0.0037832753732800484 62
1682043975443 -0.0037538246251642704 63
1682043975486 -0.0036042286083102226 64
1682043975528 -0.0034314021468162537 65
1682043975569 -0.0033380843233317137 66
1682043975610 -0.003372380044311285 67
1682043975651 -0.0035032755695283413 68
1682043975692 -0.0036448328755795956 69
1682043975738 -0.003711416618898511 70
1682043975783 -0.0036692044232040644 71
1682043975827 -0.0035529090091586113 72
1682043975870 -0.0034395854454487562 73
1682043975913 -0.0033981110900640488 74
1682043975955 -0.0034472292754799128 75
1682043975996 -0.0035474698524922132 76
1682043976040 -0.0036303726956248283 77
1682043976084 -0.0036439516115933657 78
1682043976127 -0.0035844966769218445 79
1682043976170 -0.003495369805023074 80
1682043976212 -0.0034355155657976866 81
1682043976253 -0.0034402625169605017 82
1682043976328 -0.00349994539283216 83
1682043976368 -0.003569736611098051 84
1682043976410 -0.003602263517677784 85
1682043976450 -0.003579030279070139 86
1682043976491 -0.0035206268075853586 87
1682043976532 -0.003469865769147873 88
1682043976572 -0.003460930660367012 89
1682043976612 -0.0034968778491020203 90
1682043976653 -0.0035499201621860266 91
1682043976694 -0.0035829097032546997 92
1682043976734 -0.0035757292062044144 93
1682043976774 -0.003537910059094429 94
1682043976815 -0.0034995130263268948 95
1682043976856 -0.0034882444888353348 96
1682043976895 -0.0035100611858069897 97
1682043976936 -0.0035467646084725857 98
1682043976976 -0.0035709349904209375 99
1682043977007 -0.003566317493095994 99
