1682043972819 0.0 0
1682043972859 0.009996253997087479 1
1682043972900 0.010405429638922215 2
1682043972940 0.0070488182827830315 3
1682043972980 0.003364741103723645 4
1682043973021 0.0017205605981871486 5
1682043973060 0.002505474491044879 6
1682043973102 0.004699476063251495 7
1682043973141 0.007080269046127796 8
1682043973181 0.008513257838785648 9
1682043973221 0.008489132858812809 10
1682043973260 0.007283654063940048 11
1682043973299 0.005571345333009958 12
1682043973339 0.0041360012255609035 13
1682043973379 0.003576132468879223 14
1682043973419 0.004022928886115551 15
1682043973462 0.005167967639863491 16
1682043973502 0.006466621533036232 17
1682043973542 0.007354573346674442 18
1682043973583 0.007492377422749996 19
1682043973623 0.006904917303472757 20
1682043973666 0.005917991511523724 21
1682043973708 0.004994411952793598 22
1682043973751 0.004534286912530661 23
1682043973795 0.004694171249866486 24
1682043973837 0.005337504670023918 25
1682043973877 0.006126197520643473 26
1682043973918 0.006682670209556818 27
1682043973960 0.006766720674932003 28
1682043974004 0.006382005754858255 29
1682043974046 0.005752325523644686 30
1682043974089 0.005200273357331753 31
1682043974131 0.004986739717423916 32
1682043974177 0.005184822715818882 33
1682043974223 0.0056576356291770935 34
1682043974268 0.006142260506749153 35
1682043974311 0.006390022579580545 36
1682043974355 0.0062942043878138065 37
1682043974398 0.0059362235479056835 38
1682043974441 0.00552897434681654 39
1682043974484 0.005295765586197376 40
1682043974528 0.00534860510379076 41
1682043974571 0.005634199362248182 42
1682043974615 0.0059744794853031635 43
1682043974658 0.006173377390950918 44
1682043974701 0.006128873210400343 45
1682043974744 0.005885127000510693 46
1682043974787 0.005597853101789951 47
1682043974829 0.005437158979475498 48
1682043974871 0.005486839450895786 49
1682043974912 0.0056999363005161285 50
1682043974953 0.0059351068921387196 51
1682043974994 0.0060475729405879974 52
1682043975034 0.00597780104726553 53
1682043975074 0.005782893858850002 54
1682043975115 0.005594026762992144 55
1682043975155 0.005530208814889193 56
1682043975195 0.005623750854283571 57
1682043975236 0.0058050029911100864 58
1682043975276 0.005952866747975349 59
1682043975317 0.005975879263132811 60
1682043975358 0.0058699375949800014 61
1682043975398 0.005715393926948309 62
1682043975438 0.005618868861347437 63
1682043975481 0.005640729796141386 64
1682043975523 0.005757646635174751 65
1682043975564 0.005883596837520599 66
1682043975605 0.005932175554335117 67
1682043975646 0.0058757830411195755 68
1682043975687 0.005760598462074995 69
1682043975733 0.005669985432177782 70
1682043975778 0.005664133932441473 71
1682043975822 0.005739510990679264 72
1682043975865 0.005835672374814749 73
1682043975908 0.0058821989223361015 74
1682043975950 0.0058495039120316505 75
1682043975992 0.0057675400748848915 76
1682043976035 0.005699696019291878 77
1682043976079 0.005694193299859762 78
1682043976123 0.005749936681240797 79
1682043976165 0.005820797756314278 80
1682043976207 0.005853179842233658 81
1682043976248 0.005826217588037252 82
1682043976324 0.0057653700932860374 83
1682043976364 0.005719742737710476 84
1682043976404 0.005722372326999903 85
1682043976446 0.0057668061926960945 86
1682043976487 0.005814921576529741 87
1682043976527 0.0058288113214075565 88
1682043976567 0.005800575017929077 89
1682043976608 0.005755928345024586 90
1682043976648 0.0057313949801027775 91
1682043976689 0.005744600668549538 92
1682043976730 0.005781744606792927 93
1682043976770 0.0058111040852963924 94
1682043976809 0.0058100586757063866 95
1682043976851 0.005782745778560638 96
1682043976891 0.005754389800131321 97
1682043976931 0.005748709663748741 98
1682043976971 0.005768554285168648 99
1682043977003 0.0057954126968979836 99
