1682043924090 78.88241153293185 1
1682043924665 79.6336407131619 2
1682043925319 79.90768093532986 3
1682043925932 80.02459462483723 4
1682043926584 80.11148240831163 5
1682043927214 80.1129379272461 6
1682043927774 80.11331346299913 7
1682043928314 80.11343383789062 8
1682043928843 80.11346944173177 9
1682043929376 80.11348470052083 10
1682043929908 80.11349317762587 11
1682043930445 80.11349487304688 12
1682043931078 80.1135025024414 13
1682043931673 80.11350335015192 14
1682043932210 80.1135016547309 15
