1681691688727 2612.6903533935547 0
1681691688915 2495.182632446289 0
1681691689093 2452.313034057617 0
1681691689273 2424.967575073242 0
1681691689452 2404.706497192383 0
1681691689635 2388.524154663086 0
1681691689816 2375.256805419922 0
1681691689997 2364.3310546875 0
1681691690178 2355.282760620117 0
1681691690359 2347.701202392578 0
1681691690541 2341.2559509277344 0
1681691690721 2335.6965942382812 0
1681691690903 2330.838363647461 0
1681691691086 2326.5428466796875 0
1681691691268 2322.7067260742188 0
1681691691459 2319.2505950927734 0
1681691691648 2316.112838745117 0
1681691691839 2313.245803833008 0
1681691692026 2310.610153198242 0
1681691692208 2308.1744232177734 0
1681691692390 2305.9138946533203 0
1681691692572 2303.806640625 0
1681691692754 2301.8353424072266 0
1681691692936 2299.9849853515625 0
1681691693118 2298.2432403564453 0
1681691693335 2296.5989532470703 0
1681691693517 2295.0432739257812 0
1681691693697 2293.567672729492 0
1681691693878 2292.165313720703 0
1681691694060 2290.830307006836 0
