1681691688747 690.0 0
1681691688927 718.0 0
1681691689106 722.0 0
1681691689286 726.0 0
1681691689465 738.0 0
1681691689647 738.0 0
1681691689829 736.0 0
1681691690009 726.0 0
1681691690190 726.0 0
1681691690371 730.0 0
1681691690553 730.0 0
1681691690734 729.0 0
1681691690916 728.0 0
1681691691098 728.0 0
1681691691281 729.0 0
1681691691471 732.0 0
1681691691661 732.0 0
1681691691853 729.0 0
1681691692038 729.0 0
1681691692221 729.0 0
1681691692403 729.0 0
1681691692585 726.0 0
1681691692767 726.0 0
1681691692949 726.0 0
1681691693131 726.0 0
1681691693348 726.0 0
1681691693529 726.0 0
1681691693709 726.0 0
1681691693890 726.0 0
1681691694073 726.0 0
