1682042423775 78.88241153293185 1
1682042424371 79.6336407131619 2
1682042425008 79.90768093532986 3
1682042425613 80.02459462483723 4
1682042426214 80.11148240831163 5
1682042426756 80.1129379272461 6
1682042427343 80.11331346299913 7
1682042427933 80.11343383789062 8
1682042428531 80.11346944173177 9
1682042429131 80.11348470052083 10
1682042429673 80.11349317762587 11
1682042430216 80.11349487304688 12
1682042430814 80.1135025024414 13
1682042431501 80.11350335015192 14
1682042432088 80.1135016547309 15
