1682537427615 0.17621835608369707 0
1682537428192 0.258927361831643 1
1682537428764 0.2994203364970469 2
1682537429404 0.3221893166279834 3
1682537429965 0.33602064484740435 4
1682537430549 0.3447203454824403 5
1682537431114 0.3502259280264931 6
1682537431691 0.3536401973052113 7
1682537432276 0.35564422150924346 8
1682537432862 0.3566885788703321 9
1682537433431 0.3570927486709787 10
1682537433991 0.3571038355562062 11
1682537434561 0.3569327335473118 12
1682537435140 0.3567520040753017 13
1682537435714 0.35664539619389485 14
1682537436280 0.3565830019321515 15
1682537436842 0.3564774714103851 16
1682537437405 0.3562634267519289 17
1682537437981 0.3559324974240118 18
1682537438565 0.3555172557115973 19
1682537439146 0.35505728962515337 20
1682537439726 0.35457894714632776 21
1682537440299 0.35409358439702676 22
1682537440862 0.35360370854363987 23
1682537441419 0.3531095631635925 24
1682537441985 0.35261275385026314 25
1682537442547 0.35211720647964284 26
1682537443108 0.3516283053518694 27
1682537443669 0.3511518812598783 28
1682537444230 0.35069299207311366 29
