1682537427229 2615.782180786133 0
1682537427824 2530.7750549316406 1
1682537428393 2499.2753295898438 2
1682537429036 2481.117172241211 3
1682537429602 2468.6321716308594 4
1682537430163 2459.3370513916016 5
1682537430748 2452.1419830322266 6
1682537431312 2446.4562072753906 7
1682537431894 2441.905059814453 8
1682537432475 2438.2235260009766 9
1682537433063 2435.206573486328 10
1682537433625 2432.6888122558594 11
1682537434187 2430.5349884033203 12
1682537434762 2428.650909423828 13
1682537435346 2426.9932250976562 14
1682537435913 2425.5443115234375 15
1682537436478 2424.2833099365234 16
1682537437039 2423.1715087890625 17
1682537437605 2422.164581298828 18
1682537438179 2421.2264099121094 19
1682537438767 2420.341354370117 20
1682537439338 2419.5174560546875 21
1682537439922 2418.7704467773438 22
1682537440495 2418.1114196777344 23
1682537441053 2417.539337158203 24
1682537441614 2417.0462341308594 25
1682537442182 2416.6202697753906 26
1682537442741 2416.2498168945312 27
1682537443303 2415.9251861572266 28
1682537443866 2415.6377716064453 29
