1682537427589 0.3231666666666667 0
1682537428173 0.342 1
1682537428744 0.3715 2
1682537429385 0.37883333333333336 3
1682537429946 0.38766666666666666 4
1682537430529 0.39266666666666666 5
1682537431094 0.4155 6
1682537431671 0.3965 7
1682537432256 0.3986666666666667 8
1682537432841 0.4068333333333334 9
1682537433412 0.3988333333333333 10
1682537433971 0.4065000000000001 11
1682537434542 0.39916666666666667 12
1682537435120 0.43216666666666664 13
1682537435694 0.43850000000000006 14
1682537436260 0.45216666666666666 15
1682537436823 0.4585000000000001 16
1682537437385 0.4629999999999999 17
1682537437961 0.4736666666666667 18
1682537438544 0.4776666666666667 19
1682537439126 0.47300000000000003 20
1682537439706 0.4785 21
1682537440279 0.47433333333333333 22
1682537440843 0.4755 23
1682537441400 0.4748333333333333 24
1682537441964 0.46216666666666667 25
1682537442527 0.45249999999999996 26
1682537443089 0.46849999999999997 27
1682537443649 0.4643333333333333 28
1682537444211 0.4673333333333334 29
