1681696526918 2585.436996459961 0
1681696527090 2475.3363189697266 0
1681696527265 2433.120315551758 0
1681696527440 2407.1141052246094 0
1681696527616 2388.8045349121094 0
1681696527795 2374.9639587402344 0
1681696527974 2364.0218200683594 0
1681696528164 2355.0917358398438 0
1681696528352 2347.6263427734375 0
1681696528531 2341.2642822265625 0
1681696528710 2335.756881713867 0
1681696528892 2330.9253540039062 0
1681696529070 2326.6398010253906 0
1681696529262 2322.801498413086 0
1681696529445 2319.334991455078 0
1681696529634 2316.181884765625 0
1681696529826 2313.294876098633 0
1681696530003 2310.6370849609375 0
1681696530189 2308.1780853271484 0
1681696530366 2305.892333984375 0
1681696530545 2303.759719848633 0
1681696530727 2301.7626037597656 0
1681696530919 2299.8861389160156 0
1681696531100 2298.1181030273438 0
1681696531292 2296.447769165039 0
1681696531480 2294.8661499023438 0
1681696531660 2293.364959716797 0
1681696531840 2291.9376678466797 0
1681696532016 2290.5776977539062 0
1681696532193 2289.280075073242 0
1681696532373 2288.0401306152344 0
1681696532551 2286.853240966797 0
1681696532730 2285.715835571289 0
1681696532908 2284.6248931884766 0
1681696533085 2283.5769653320312 0
1681696533265 2282.569625854492 0
1681696533442 2281.6001892089844 0
1681696533619 2280.666549682617 0
1681696533798 2279.766616821289 0
1681696533977 2278.8985595703125 0
