1681962063559 91.49401092529297 0
1681962063641 92.3038330078125 0
1681962063723 92.30941772460938 0
1681962063805 92.3105239868164 0
1681962063886 92.3109130859375 0
1681962063968 92.31101989746094 0
1681962064050 92.31104278564453 0
1681962064133 92.31105041503906 0
1681962064218 92.31108093261719 0
1681962064307 92.31103515625 0
1681962064389 92.31106567382812 0
1681962064474 92.31103515625 0
1681962064556 92.31101989746094 0
1681962064642 92.31103515625 0
1681962064729 92.31103515625 0
1681962064819 92.31105041503906 0
1681962064909 92.31102752685547 0
1681962064998 92.31101989746094 0
1681962065088 92.31101989746094 0
1681962065179 92.31102752685547 0
1681962078574 92.31104278564453 0
1681962078656 92.31103515625 0
1681962078737 92.31105041503906 0
1681962078818 92.31101989746094 0
1681962078900 92.31101989746094 0
1681962078981 92.31101989746094 0
1681962079063 92.31101989746094 0
1681962079144 92.31101989746094 0
1681962079225 92.31101989746094 0
1681962079306 92.31101989746094 0
1681962079387 92.31101989746094 0
1681962079467 92.31101989746094 0
1681962079548 92.31101989746094 0
1681962079629 92.31101989746094 0
1681962079709 92.31101989746094 0
1681962079791 92.31101989746094 0
1681962079872 92.31101989746094 0
1681962079953 92.31101989746094 0
1681962080034 92.31101989746094 0
1681962080115 92.31101989746094 0
