1681962057016 91.6239013671875 0
1681962057104 94.96681213378906 0
1681962057185 95.178466796875 0
1681962057267 95.18153381347656 0
1681962057351 95.18233489990234 0
1681962057432 95.18252563476562 0
1681962057514 95.18256378173828 0
1681962057595 95.18258666992188 0
1681962057679 95.18257904052734 0
1681962057760 95.18257141113281 0
1681962057841 95.18258666992188 0
1681962057922 95.1825942993164 0
1681962058004 95.1825942993164 0
1681962058084 95.18260192871094 0
1681962058165 95.18257141113281 0
1681962058248 95.1826171875 0
1681962058332 95.18258666992188 0
1681962058413 95.18260192871094 0
1681962058494 95.1826171875 0
1681962058575 95.1826171875 0
1681962071876 95.1826171875 0
1681962071957 95.1826171875 0
1681962072040 95.1826171875 0
1681962072123 95.1826171875 0
1681962072205 95.1826171875 0
1681962072288 95.1826171875 0
1681962072370 95.1826171875 0
1681962072452 95.1826171875 0
1681962072535 95.1826171875 0
1681962072618 95.1826171875 0
1681962072700 95.1826171875 0
1681962072782 95.1826171875 0
1681962072865 95.1826171875 0
1681962072963 95.1826171875 0
1681962073053 95.1826171875 0
1681962073138 95.1826171875 0
1681962073220 95.1826171875 0
1681962073303 95.1826171875 0
1681962073384 95.1826171875 0
1681962073468 95.1826171875 0
