1681962061906 96.3499755859375 0
1681962061987 96.47900390625 0
1681962062068 96.49334716796875 0
1681962062151 96.5529556274414 0
1681962062232 97.09445190429688 0
1681962062312 98.15608215332031 0
1681962062394 98.17182922363281 0
1681962062474 98.17185974121094 0
1681962062556 98.17183685302734 0
1681962062638 98.17185974121094 0
1681962062722 98.17186737060547 0
1681962062806 98.17186737060547 0
1681962062889 98.171875 0
1681962062969 98.171875 0
1681962063051 98.171875 0
1681962063132 98.171875 0
1681962063215 98.171875 0
1681962063304 98.171875 0
1681962063394 98.171875 0
1681962063477 98.171875 0
1681962076941 98.171875 0
1681962077022 98.171875 0
1681962077104 98.171875 0
1681962077185 98.171875 0
1681962077267 98.171875 0
1681962077348 98.171875 0
1681962077430 98.171875 0
1681962077511 98.171875 0
1681962077592 98.171875 0
1681962077674 98.171875 0
1681962077755 98.171875 0
1681962077836 98.171875 0
1681962077918 98.171875 0
1681962077999 98.171875 0
1681962078080 98.171875 0
1681962078163 98.171875 0
1681962078245 98.171875 0
1681962078326 98.171875 0
1681962078408 98.171875 0
1681962078493 98.171875 0
