1681962068564 92.00456237792969 0
1681962068648 92.35075378417969 0
1681962068730 92.48262786865234 0
1681962068814 92.50810241699219 0
1681962068898 92.51364135742188 0
1681962068981 92.51466369628906 0
1681962069065 92.51482391357422 0
1681962069149 92.51478576660156 0
1681962069232 92.51483154296875 0
1681962069314 92.51475524902344 0
1681962069400 92.51480102539062 0
1681962069483 92.51480102539062 0
1681962069566 92.51481628417969 0
1681962069650 92.51480102539062 0
1681962069733 92.51481628417969 0
1681962069816 92.51480102539062 0
1681962069900 92.51483154296875 0
1681962069984 92.51483154296875 0
1681962070067 92.51483154296875 0
1681962070149 92.51483154296875 0
1681962083798 92.51483154296875 0
1681962083886 92.51483154296875 0
1681962083975 92.51483154296875 0
1681962084071 92.51483154296875 0
1681962084164 92.51483154296875 0
1681962084255 92.51483154296875 0
1681962084346 92.51483154296875 0
1681962084439 92.51483154296875 0
1681962084533 92.51483154296875 0
1681962084626 92.51483154296875 0
1681962084719 92.51483154296875 0
1681962084811 92.51483154296875 0
1681962084902 92.51483154296875 0
1681962084994 92.51483154296875 0
1681962085100 92.51483154296875 0
1681962085196 92.51483154296875 0
1681962085291 92.51483154296875 0
1681962085386 92.51483154296875 0
1681962085479 92.51483154296875 0
1681962085569 92.51483154296875 0
