1682044349897 97.08769226074219 0
1682044349941 97.08770751953125 1
1682044349985 97.08771514892578 2
1682044350029 97.08773040771484 3
1682044350073 97.0877456665039 4
1682044350115 97.08776092529297 5
1682044350157 97.08777618408203 6
1682044350199 97.08778381347656 7
1682044350242 97.08779907226562 8
1682044350286 97.08780670166016 9
1682044350328 97.08781433105469 10
1682044350373 97.08782196044922 11
1682044350418 97.08782958984375 12
1682044350465 97.08783721923828 13
1682044350513 97.08783721923828 14
1682044350560 97.08783721923828 15
1682044350610 97.08784484863281 16
1682044350658 97.08784484863281 17
1682044350707 97.08784484863281 18
1682044350751 97.08784484863281 19
1682044350797 97.08784484863281 20
1682044350839 97.08784484863281 21
1682044350882 97.08783721923828 22
1682044350925 97.08783721923828 23
1682044350994 97.08783721923828 24
1682044351040 97.08783721923828 25
1682044351087 97.08783721923828 26
1682044351134 97.08783721923828 27
1682044351180 97.08783721923828 28
1682044351223 97.08782958984375 29
1682044351266 97.08782958984375 30
1682044351308 97.08782958984375 31
1682044351349 97.08782958984375 32
1682044351392 97.08782958984375 33
1682044351435 97.08782196044922 34
1682044351479 97.08782196044922 35
1682044351522 97.08782196044922 36
1682044351574 97.08782196044922 37
1682044351620 97.08782196044922 38
1682044351665 97.08782196044922 39
1682044351712 97.08782196044922 40
1682044351757 97.08782196044922 41
1682044351802 97.08782196044922 42
1682044351847 97.08782196044922 43
1682044351890 97.08781433105469 44
1682044351933 97.08781433105469 45
1682044351977 97.08781433105469 46
1682044352021 97.08781433105469 47
1682044352066 97.08781433105469 48
1682044352108 97.08781433105469 49
1682044352149 97.08781433105469 50
1682044352196 97.08782196044922 51
1682044352243 97.08782196044922 52
1682044352290 97.08782196044922 53
1682044352335 97.08782196044922 54
1682044352384 97.08782196044922 55
1682044352434 97.08782196044922 56
1682044352483 97.08782196044922 57
1682044352531 97.08782196044922 58
1682044352578 97.08782196044922 59
1682044352626 97.08782196044922 60
1682044352673 97.08782196044922 61
1682044352720 97.08782196044922 62
1682044352767 97.08782196044922 63
1682044352820 97.08782196044922 64
1682044352866 97.08782196044922 65
1682044352909 97.08782196044922 66
1682044352952 97.08782196044922 67
1682044352995 97.08782196044922 68
1682044353041 97.08782196044922 69
1682044353111 97.08782196044922 70
1682044353171 97.08782196044922 71
1682044353218 97.08782196044922 72
1682044353267 97.08782196044922 73
1682044353315 97.08782196044922 74
1682044353361 97.08782196044922 75
1682044353406 97.08782196044922 76
1682044353449 97.08782196044922 77
1682044353492 97.08782196044922 78
1682044353535 97.08782196044922 79
1682044353578 97.08782196044922 80
1682044353622 97.08782196044922 81
1682044353665 97.08782196044922 82
1682044353707 97.08782196044922 83
1682044353751 97.08782196044922 84
1682044353795 97.08782196044922 85
1682044353839 97.08782196044922 86
1682044353882 97.08782196044922 87
1682044353933 97.08782196044922 88
1682044353982 97.08782196044922 89
1682044354031 97.08782196044922 90
1682044354078 97.08782196044922 91
1682044354127 97.08782196044922 92
1682044354178 97.08782196044922 93
1682044354228 97.08782196044922 94
1682044354278 97.08782196044922 95
1682044354326 97.08782196044922 96
1682044354374 97.08782196044922 97
1682044354420 97.08782196044922 98
1682044354467 97.08782196044922 99
1682044354504 97.08782196044922 99
