1682044298972 78.88241153293185 1
1682044299583 79.6336407131619 2
1682044300174 79.90768093532986 3
1682044300771 80.02459462483723 4
1682044301365 80.11148240831163 5
1682044301958 80.1129379272461 6
1682044302526 80.11331346299913 7
1682044303120 80.11343383789062 8
1682044303741 80.11346944173177 9
1682044304337 80.11348470052083 10
1682044304891 80.11349317762587 11
1682044305437 80.11349487304688 12
1682044306056 80.1135025024414 13
1682044306665 80.11350335015192 14
1682044307281 80.1135016547309 15
