1682044319438 78.88241153293185 1
1682044320018 79.6336407131619 2
1682044320617 79.90768093532986 3
1682044321206 80.02459462483723 4
1682044321755 80.11148240831163 5
1682044322293 80.1129379272461 6
1682044322859 80.11331346299913 7
1682044323467 80.11343383789062 8
1682044324074 80.11346944173177 9
1682044324675 80.11348470052083 10
1682044325320 80.11349317762587 11
1682044325907 80.11349487304688 12
1682044326505 80.1135025024414 13
1682044327134 80.11350335015192 14
1682044327764 80.1135016547309 15
1682044329073 80.11349995930989 16
