1682537351908 0.30455630152589874 0
1682537352852 0.3527977853066766 0
1682537353803 0.37690284237830896 0
1682537354761 0.3909056343980448 0
1682537355731 0.39958304025086055 0
1682537356704 0.4050501544944196 0
1682537357675 0.4084017053808168 0
1682537358650 0.4102536143509259 0
1682537359620 0.41097560684663614 0
1682537360582 0.41081997481173804 0
1682537361538 0.40999007997906256 0
1682537362492 0.40866276619356445 0
1682537363444 0.4069885987654305 0
1682537364410 0.4050892140667228 0
1682537365336 0.4030579630468524 0
1682537366261 0.40096383220374965 0
1682537367201 0.3988567360822737 0
1682537368163 0.3967724759260406 0
1682537369102 0.3947370861716458 0
1682537370034 0.3927693551558042 0
1682537370962 0.3908828908100275 0
1682537371889 0.389086760711158 0
1682537372811 0.38738640523568446 0
1682537373737 0.3857841331107452 0
1682537374665 0.38427950550971113 0
1682537375590 0.38287000259386567 0
1682537376516 0.38155154869250296 0
1682537377448 0.3803190201552204 0
1682537378374 0.37916669510683454 0
1682537379308 0.37808860542120504 0
