1682537351152 2599.0623168945312 0
1682537352107 2514.562454223633 0
1682537353037 2489.3267822265625 0
1682537353999 2473.7989807128906 0
1682537354960 2462.893325805664 0
1682537355925 2454.714599609375 0
1682537356902 2448.3523712158203 0
1682537357866 2443.286117553711 0
1682537358847 2439.1835327148438 0
1682537359812 2435.822280883789 0
1682537360778 2433.0457305908203 0
1682537361721 2430.7362670898438 0
1682537362672 2428.7975006103516 0
1682537363639 2427.151611328125 0
1682537364590 2425.7373962402344 0
1682537365516 2424.5101318359375 0
1682537366444 2423.4371032714844 0
1682537367381 2422.4933471679688 0
1682537368346 2421.6595458984375 0
1682537369282 2420.9215698242188 0
1682537370216 2420.2664184570312 0
1682537371143 2419.6838989257812 0
1682537372070 2419.1651916503906 0
1682537372993 2418.702392578125 0
1682537373918 2418.2889404296875 0
1682537374845 2417.918930053711 0
1682537375769 2417.586944580078 0
1682537376697 2417.288330078125 0
1682537377629 2417.0189819335938 0
1682537378554 2416.775192260742 0
