1682537351527 0.3823333333333334 0
1682537352472 0.41250000000000003 0
1682537353406 0.41916666666666663 0
1682537354373 0.44100000000000006 0
1682537355331 0.43483333333333335 0
1682537356304 0.45249999999999996 0
1682537357268 0.45966666666666667 0
1682537358248 0.4441666666666666 0
1682537359229 0.4638333333333333 0
1682537360184 0.43883333333333335 0
1682537361156 0.44083333333333335 0
1682537362111 0.4539999999999999 0
1682537363041 0.4753333333333332 0
1682537364017 0.4841666666666667 0
1682537364957 0.488 0
1682537365882 0.4883333333333333 0
1682537366821 0.4963333333333333 0
1682537367760 0.5105 0
1682537368718 0.5123333333333333 0
1682537369653 0.5031666666666667 0
1682537370581 0.4908333333333333 0
1682537371510 0.48499999999999993 0
1682537372433 0.4788333333333333 0
1682537373358 0.48983333333333334 0
1682537374284 0.47300000000000003 0
1682537375211 0.4725 0
1682537376136 0.47933333333333333 0
1682537377067 0.474 0
1682537377995 0.4718333333333333 0
1682537378926 0.4753333333333332 0
