1682537351887 0.37716666666666665 0
1682537352832 0.4058333333333333 0
1682537353782 0.4048333333333334 0
1682537354740 0.4455 0
1682537355710 0.43816666666666665 0
1682537356683 0.44933333333333336 0
1682537357654 0.45366666666666666 0
1682537358629 0.44566666666666666 0
1682537359600 0.44283333333333336 0
1682537360561 0.442 0
1682537361518 0.44399999999999995 0
1682537362472 0.44850000000000007 0
1682537363423 0.48983333333333334 0
1682537364390 0.4854999999999999 0
1682537365316 0.49983333333333335 0
1682537366241 0.4705 0
1682537367181 0.49600000000000005 0
1682537368143 0.515 0
1682537369082 0.5195 0
1682537370014 0.49366666666666664 0
1682537370942 0.49400000000000005 0
1682537371869 0.5026666666666667 0
1682537372791 0.47816666666666663 0
1682537373717 0.48300000000000004 0
1682537374645 0.4751666666666667 0
1682537375569 0.4801666666666667 0
1682537376496 0.46883333333333344 0
1682537377427 0.4784999999999999 0
1682537378354 0.47383333333333333 0
1682537379288 0.4741666666666668 0
