1681175868081 0.23587884406015058 0
1681175868348 0.27467791754296106 0
1681175868517 0.2944669027095759 0
1681175868689 0.3095925721426322 0
1681175868860 0.32160000036743314 0
1681175869030 0.330661877812801 0
1681175869201 0.3373523133461009 0
1681175869373 0.34230901021065324 0
1681175869541 0.346027994772814 0
1681175869712 0.34885608381706945 0
1681175869878 0.3510304938667287 0
1681175870046 0.3527148692410678 0
1681175870214 0.3540242124758014 0
1681175870385 0.35504125766196915 0
1681175870564 0.3558267252955769 0
1681175870749 0.3564261823544877 0
1681175870925 0.3568743284622993 0
1681175871099 0.357198311563983 0
1681175871269 0.3574192991125397 0
1681175871442 0.35755448320574057 0
1681175871618 0.3576174832977118 0
1681175871792 0.35761972439198164 0
1681175871961 0.35757046154230154 0
1681175872130 0.3574774569317626 0
1681175872297 0.3573472438469026 0
1681175872468 0.35718541876407534 0
1681175872636 0.356996452661544 0
1681175872803 0.35678451929228205 0
1681175872971 0.3565527908912352 0
1681175873142 0.3563045947907111 0
