1682047704287 0.0 0
1682047704330 -0.009992837905883789 1
1682047704373 -0.019990412518382072 2
1682047704416 -0.029995828866958618 3
1682047704459 -0.040012177079916 4
1682047704501 -0.050042539834976196 5
1682047704544 -0.06008998304605484 6
1682047704587 -0.07015752792358398 7
1682047704629 -0.08024818450212479 8
1682047704672 -0.09036493301391602 9
1682047704714 -0.10051070898771286 10
1682047704756 -0.11068841069936752 11
1682047704797 -0.12090089917182922 12
1682047704838 -0.1311509907245636 13
1682047704879 -0.1414414793252945 14
1682047704919 -0.1517750769853592 15
1682047704960 -0.16215448081493378 16
1682047705001 -0.17258234322071075 17
1682047705042 -0.18306127190589905 18
1682047705082 -0.1935938447713852 19
1682047705123 -0.20418260991573334 20
1682047705164 -0.21483005583286285 21
1682047705206 -0.2255386859178543 22
1682047705247 -0.2363109439611435 23
1682047705288 -0.2471492737531662 24
1682047705329 -0.258056104183197 25
1682047705370 -0.26903387904167175 26
1682047705411 -0.2800849974155426 27
1682047705452 -0.29121190309524536 28
1682047705492 -0.3024170398712158 29
1682047705533 -0.31370288133621216 30
1682047705574 -0.3250718414783478 31
1682047705616 -0.33652642369270325 32
1682047705658 -0.34806913137435913 33
1682047705698 -0.3597024977207184 34
1682047705739 -0.37142908573150635 35
1682047705780 -0.383251428604126 36
1682047705821 -0.3951720893383026 37
1682047705863 -0.4071936309337616 38
1682047705903 -0.4193185865879059 39
1682047705944 -0.4315494894981384 40
1682047705985 -0.4438888728618622 41
1682047706025 -0.4563392102718353 42
1682047706067 -0.4689028859138489 43
1682047706108 -0.4815822243690491 44
1682047706149 -0.494379460811615 45
1682047706191 -0.5072967410087585 46
1682047706232 -0.5203360319137573 47
1682047706273 -0.5334991812705994 48
1682047706314 -0.5467878580093384 49
1682047706348 -0.560203492641449 49
