1682047704284 0.0 0
1682047704328 -0.009996875189244747 1
1682047704371 -0.019998453557491302 2
1682047704414 -0.030007824301719666 3
1682047704456 -0.04002805054187775 4
1682047704499 -0.05006217584013939 5
1682047704542 -0.06011321395635605 6
1682047704585 -0.0701841190457344 7
1682047704627 -0.08027780801057816 8
1682047704670 -0.09039715677499771 9
1682047704712 -0.10054498165845871 10
1682047704754 -0.11072403192520142 11
1682047704794 -0.12093699723482132 12
1682047704835 -0.13118650019168854 13
1682047704877 -0.141475111246109 14
1682047704917 -0.15180529654026031 15
1682047704957 -0.16217947006225586 16
1682047704998 -0.17259995639324188 17
1682047705039 -0.18306902050971985 18
1682047705080 -0.19358885288238525 19
1682047705120 -0.20416153967380524 20
1682047705162 -0.21478909254074097 21
1682047705203 -0.22547346353530884 22
1682047705244 -0.23621651530265808 23
1682047705286 -0.24702002108097076 24
1682047705327 -0.25788572430610657 25
1682047705368 -0.2688152492046356 26
1682047705408 -0.2798101603984833 27
1682047705450 -0.2908719778060913 28
1682047705490 -0.3020021617412567 29
1682047705530 -0.3132020831108093 30
1682047705572 -0.3244730532169342 31
1682047705613 -0.3358163833618164 32
1682047705655 -0.34723329544067383 33
1682047705696 -0.35872504115104675 34
1682047705737 -0.3702928125858307 35
1682047705778 -0.38193777203559875 36
1682047705819 -0.3936610519886017 37
1682047705860 -0.4054638147354126 38
1682047705901 -0.41734716296195984 39
1682047705942 -0.42931225895881653 40
1682047705982 -0.4413602650165558 41
1682047706023 -0.45349234342575073 42
1682047706065 -0.4657096862792969 43
1682047706105 -0.4780134856700897 44
1682047706146 -0.49040499329566956 45
1682047706189 -0.5028854012489319 46
1682047706230 -0.5154560804367065 47
1682047706271 -0.5281183123588562 48
1682047706312 -0.5408735275268555 49
1682047706345 -0.553723156452179 49
