1682047704273 0.0 0
1682047704317 0.009999576024711132 1
1682047704361 0.02000143751502037 2
1682047704404 0.030007068067789078 3
1682047704447 0.04001792520284653 4
1682047704489 0.05003540590405464 5
1682047704532 0.06006086617708206 6
1682047704575 0.07009564340114594 7
1682047704617 0.08014103025197983 8
1682047704660 0.09019824862480164 9
1682047704702 0.10026848316192627 10
1682047704744 0.11035288125276566 11
1682047704785 0.12045254558324814 12
1682047704826 0.1305685192346573 13
1682047704868 0.1407017856836319 14
1682047704908 0.15085332095623016 15
1682047704948 0.1610240340232849 16
1682047704989 0.17121478915214539 17
1682047705030 0.18142637610435486 18
1682047705071 0.1916595995426178 19
1682047705111 0.2019151747226715 20
1682047705152 0.2121938169002533 21
1682047705194 0.2224961668252945 22
1682047705235 0.23282286524772644 23
1682047705276 0.2431745082139969 24
1682047705317 0.2535516321659088 25
1682047705358 0.263954758644104 26
1682047705399 0.27438440918922424 27
1682047705440 0.28484103083610535 28
1682047705481 0.29532504081726074 29
1682047705521 0.30583685636520386 30
1682047705562 0.3163768947124481 31
1682047705604 0.3269454836845398 32
1682047705645 0.33754298090934753 33
1682047705687 0.3481696546077728 34
1682047705727 0.3588257431983948 35
1682047705768 0.3695114850997925 36
1682047705810 0.38022708892822266 37
1682047705851 0.39097267389297485 38
1682047705892 0.401748389005661 39
1682047705932 0.4125542938709259 40
1682047705973 0.42339038848876953 41
1682047706013 0.4342566132545471 42
1682047706055 0.4451528787612915 43
1682047706096 0.45607903599739075 44
1682047706137 0.46703484654426575 45
1682047706179 0.478020042181015 46
1682047706220 0.4890342652797699 47
1682047706262 0.5000770688056946 48
1682047706302 0.5111480355262756 49
1682047706336 0.5222465991973877 49
