1682047704276 0.0 0
1682047704320 0.009999698027968407 1
1682047704363 0.02000391110777855 2
1682047704406 0.030015606433153152 3
1682047704449 0.040037717670202255 4
1682047704492 0.05007313936948776 5
1682047704534 0.060124721378088 6
1682047704577 0.0701952651143074 7
1682047704620 0.08028753101825714 8
1682047704662 0.090404212474823 9
1682047704705 0.10054795444011688 10
1682047704747 0.11072135716676712 11
1682047704788 0.12092694640159607 12
1682047704828 0.1311671882867813 13
1682047704870 0.14144450426101685 14
1682047704910 0.1517612636089325 15
1682047704950 0.16211974620819092 16
1682047704991 0.17252221703529358 17
1682047705032 0.18297085165977478 18
1682047705073 0.19346778094768524 19
1682047705113 0.2040150910615921 20
1682047705154 0.2146148383617401 21
1682047705196 0.22526898980140686 22
1682047705237 0.23597951233386993 23
1682047705278 0.24674829840660095 24
1682047705319 0.25757724046707153 25
1682047705361 0.26846814155578613 26
1682047705401 0.279422789812088 27
1682047705442 0.29044294357299805 28
1682047705483 0.3015303313732147 29
1682047705523 0.31268662214279175 30
1682047705565 0.32391345500946045 31
1682047705606 0.33521243929862976 32
1682047705648 0.34658509492874146 33
1682047705689 0.3580329418182373 34
1682047705730 0.36955738067626953 35
1682047705770 0.38115978240966797 36
1682047705812 0.3928414285182953 37
1682047705853 0.4046035408973694 38
1682047705894 0.416447252035141 39
1682047705935 0.4283735454082489 40
1682047705975 0.4403833746910095 41
1682047706016 0.45247751474380493 42
1682047706057 0.46465665102005005 43
1682047706098 0.47692134976387024 44
1682047706139 0.48927202820777893 45
1682047706181 0.501708984375 46
1682047706223 0.5142323970794678 47
1682047706264 0.5268422365188599 48
1682047706305 0.5395383834838867 49
1682047706338 0.5523205399513245 49
