1682047704290 0.0 0
1682047704333 0.009997026063501835 1
1682047704376 0.020004846155643463 2
1682047704419 0.030030522495508194 3
1682047704462 0.04008103534579277 4
1682047704504 0.05016326159238815 5
1682047704547 0.060283951461315155 6
1682047704590 0.07044971734285355 7
1682047704632 0.08066701889038086 8
1682047704674 0.0909421443939209 9
1682047704717 0.10128118097782135 10
1682047704759 0.11169003695249557 11
1682047704799 0.12217439711093903 12
1682047704840 0.13273972272872925 13
1682047704881 0.14339126646518707 14
1682047704921 0.15413403511047363 15
1682047704962 0.16497278213500977 16
1682047705003 0.1759120374917984 17
1682047705044 0.18695606291294098 18
1682047705084 0.19810886681079865 19
1682047705125 0.20937421917915344 20
1682047705167 0.22075563669204712 21
1682047705208 0.23225636780261993 22
1682047705249 0.24387942254543304 23
1682047705290 0.2556275427341461 24
1682047705331 0.2675032615661621 25
1682047705373 0.2795088291168213 26
1682047705413 0.291646271944046 27
1682047705454 0.30391737818717957 28
1682047705494 0.31632375717163086 29
1682047705535 0.32886675000190735 30
1682047705577 0.34154751896858215 31
1682047705618 0.35436704754829407 32
1682047705660 0.3673260807991028 33
1682047705701 0.38042524456977844 34
1682047705741 0.3936649560928345 35
1682047705783 0.40704554319381714 36
1682047705824 0.4205671548843384 37
1682047705865 0.4342298209667206 38
1682047705906 0.44803351163864136 39
1682047705946 0.461978018283844 40
1682047705987 0.4760631322860718 41
1682047706028 0.49028852581977844 42
1682047706069 0.504653811454773 43
1682047706110 0.5191586017608643 44
1682047706151 0.5338024497032166 45
1682047706194 0.5485848784446716 46
1682047706234 0.5635054707527161 47
1682047706276 0.5785638093948364 48
1682047706316 0.5937594771385193 49
1682047706350 0.609092116355896 49
