1682047704270 0.0 0
1682047704315 0.009999818168580532 1
1682047704358 0.020003870129585266 2
1682047704401 0.030014943331480026 3
1682047704444 0.04003579169511795 4
1682047704487 0.05006913095712662 5
1682047704529 0.06011763960123062 6
1682047704572 0.07018394768238068 7
1682047704614 0.08027063310146332 8
1682047704657 0.0903802290558815 9
1682047704699 0.1005152016878128 10
1682047704742 0.11067796498537064 11
1682047704783 0.12087088078260422 12
1682047704823 0.1310962289571762 13
1682047704865 0.14135625958442688 14
1682047704906 0.15165311098098755 15
1682047704945 0.16198889911174774 16
1682047704987 0.17236565053462982 17
1682047705027 0.18278533220291138 18
1682047705068 0.19324985146522522 19
1682047705108 0.2037610560655594 20
1682047705150 0.21432071924209595 21
1682047705191 0.2249305695295334 22
1682047705232 0.23559226095676422 23
1682047705274 0.2463074028491974 24
1682047705315 0.25707754492759705 25
1682047705356 0.2679041922092438 26
1682047705396 0.2787887752056122 27
1682047705437 0.2897326946258545 28
1682047705478 0.30073732137680054 29
1682047705518 0.311803936958313 30
1682047705560 0.32293379306793213 31
1682047705601 0.33412808179855347 32
1682047705643 0.3453879952430725 33
1682047705684 0.35671466588974 34
1682047705725 0.3681091368198395 35
1682047705766 0.37957245111465454 36
1682047705807 0.39110562205314636 37
1682047705848 0.40270957350730896 38
1682047705889 0.4143851697444916 39
1682047705930 0.42613327503204346 40
1682047705970 0.43795469403266907 41
1682047706011 0.4498501420021057 42
1682047706052 0.4618203043937683 43
1682047706094 0.473865807056427 44
1682047706135 0.48598721623420715 45
1682047706176 0.49818503856658936 46
1682047706218 0.5104597210884094 47
1682047706259 0.5228116512298584 48
1682047706300 0.5352411866188049 49
1682047706333 0.5477486848831177 49
