1682044553587 97.08769226074219 0
1682044553628 97.08770751953125 1
1682044553669 97.08771514892578 2
1682044553709 97.08773040771484 3
1682044553749 97.0877456665039 4
1682044553789 97.08776092529297 5
1682044553829 97.08777618408203 6
1682044553869 97.08778381347656 7
1682044553909 97.08779907226562 8
1682044553948 97.08780670166016 9
1682044553988 97.08781433105469 10
1682044554032 97.08782196044922 11
1682044554072 97.08782958984375 12
1682044554112 97.08783721923828 13
1682044554151 97.08783721923828 14
1682044554191 97.08783721923828 15
1682044554231 97.08784484863281 16
1682044554270 97.08784484863281 17
1682044554310 97.08784484863281 18
1682044554350 97.08784484863281 19
1682044554389 97.08784484863281 20
1682044554428 97.08784484863281 21
1682044554468 97.08783721923828 22
1682044554507 97.08783721923828 23
1682044554547 97.08783721923828 24
1682044554587 97.08783721923828 25
1682044554627 97.08783721923828 26
1682044554667 97.08783721923828 27
1682044554707 97.08783721923828 28
1682044554747 97.08782958984375 29
1682044554787 97.08782958984375 30
1682044554825 97.08782958984375 31
1682044554865 97.08782958984375 32
1682044554905 97.08782958984375 33
1682044554945 97.08782196044922 34
1682044554985 97.08782196044922 35
1682044555024 97.08782196044922 36
1682044555063 97.08782196044922 37
1682044555103 97.08782196044922 38
1682044555143 97.08782196044922 39
1682044555183 97.08782196044922 40
1682044555222 97.08782196044922 41
1682044555262 97.08782196044922 42
1682044555301 97.08782196044922 43
1682044555352 97.08781433105469 44
1682044555392 97.08781433105469 45
1682044555431 97.08781433105469 46
1682044555471 97.08781433105469 47
1682044555511 97.08781433105469 48
1682044555550 97.08781433105469 49
1682044555590 97.08781433105469 50
1682044555631 97.08782196044922 51
1682044555671 97.08782196044922 52
1682044555710 97.08782196044922 53
1682044555750 97.08782196044922 54
1682044555789 97.08782196044922 55
1682044555829 97.08782196044922 56
1682044555868 97.08782196044922 57
1682044555908 97.08782196044922 58
1682044555947 97.08782196044922 59
1682044555987 97.08782196044922 60
1682044556026 97.08782196044922 61
1682044556066 97.08782196044922 62
1682044556105 97.08782196044922 63
1682044556144 97.08782196044922 64
1682044556184 97.08782196044922 65
1682044556223 97.08782196044922 66
1682044556263 97.08782196044922 67
1682044556302 97.08782196044922 68
1682044556342 97.08782196044922 69
1682044556381 97.08782196044922 70
1682044556420 97.08782196044922 71
1682044556461 97.08782196044922 72
1682044556505 97.08782196044922 73
1682044556547 97.08782196044922 74
1682044556590 97.08782196044922 75
1682044556633 97.08782196044922 76
1682044556676 97.08782196044922 77
1682044556717 97.08782196044922 78
1682044556757 97.08782196044922 79
1682044556797 97.08782196044922 80
1682044556839 97.08782196044922 81
1682044556882 97.08782196044922 82
1682044556925 97.08782196044922 83
1682044556967 97.08782196044922 84
1682044557007 97.08782196044922 85
1682044557050 97.08782196044922 86
1682044557092 97.08782196044922 87
1682044557134 97.08782196044922 88
1682044557175 97.08782196044922 89
1682044557215 97.08782196044922 90
1682044557256 97.08782196044922 91
1682044557296 97.08782196044922 92
1682044557336 97.08782196044922 93
1682044557375 97.08782196044922 94
1682044557415 97.08782196044922 95
1682044557454 97.08782196044922 96
1682044557493 97.08782196044922 97
1682044557535 97.08782196044922 98
1682044557577 97.08782196044922 99
1682044557614 97.08782196044922 99
