1682044553602 0.0 0
1682044553643 0.009996253997087479 1
1682044553683 0.010405429638922215 2
1682044553724 0.0070488182827830315 3
1682044553763 0.003364741103723645 4
1682044553804 0.0017205605981871486 5
1682044553844 0.002505474491044879 6
1682044553884 0.004699476063251495 7
1682044553923 0.007080269046127796 8
1682044553963 0.008513257838785648 9
1682044554005 0.008489132858812809 10
1682044554048 0.007283654063940048 11
1682044554087 0.005571345333009958 12
1682044554126 0.0041360012255609035 13
1682044554166 0.003576132468879223 14
1682044554206 0.004022928886115551 15
1682044554245 0.005167967639863491 16
1682044554285 0.006466621533036232 17
1682044554324 0.007354573346674442 18
1682044554364 0.007492377422749996 19
1682044554403 0.006904917303472757 20
1682044554443 0.005917991511523724 21
1682044554483 0.004994411952793598 22
1682044554522 0.004534286912530661 23
1682044554562 0.004694171249866486 24
1682044554603 0.005337504670023918 25
1682044554642 0.006126197520643473 26
1682044554682 0.006682670209556818 27
1682044554721 0.006766720674932003 28
1682044554761 0.006382005754858255 29
1682044554801 0.005752325523644686 30
1682044554840 0.005200273357331753 31
1682044554880 0.004986739717423916 32
1682044554920 0.005184822715818882 33
1682044554960 0.0056576356291770935 34
1682044554999 0.006142260506749153 35
1682044555039 0.006390022579580545 36
1682044555078 0.0062942043878138065 37
1682044555118 0.0059362235479056835 38
1682044555158 0.00552897434681654 39
1682044555197 0.005295765586197376 40
1682044555237 0.00534860510379076 41
1682044555276 0.005634199362248182 42
1682044555327 0.0059744794853031635 43
1682044555367 0.006173377390950918 44
1682044555406 0.006128873210400343 45
1682044555446 0.005885127000510693 46
1682044555486 0.005597853101789951 47
1682044555525 0.005437158979475498 48
1682044555564 0.005486839450895786 49
1682044555607 0.0056999363005161285 50
1682044555646 0.0059351068921387196 51
1682044555685 0.0060475729405879974 52
1682044555725 0.00597780104726553 53
1682044555765 0.005782893858850002 54
1682044555804 0.005594026762992144 55
1682044555843 0.005530208814889193 56
1682044555883 0.005623750854283571 57
1682044555922 0.0058050029911100864 58
1682044555962 0.005952866747975349 59
1682044556001 0.005975879263132811 60
1682044556041 0.0058699375949800014 61
1682044556080 0.005715393926948309 62
1682044556120 0.005618868861347437 63
1682044556159 0.005640729796141386 64
1682044556198 0.005757646635174751 65
1682044556238 0.005883596837520599 66
1682044556277 0.005932175554335117 67
1682044556317 0.0058757830411195755 68
1682044556356 0.005760598462074995 69
1682044556395 0.005669985432177782 70
1682044556435 0.005664133932441473 71
1682044556477 0.005739510990679264 72
1682044556520 0.005835672374814749 73
1682044556563 0.0058821989223361015 74
1682044556607 0.0058495039120316505 75
1682044556649 0.0057675400748848915 76
1682044556691 0.005699696019291878 77
1682044556732 0.005694193299859762 78
1682044556772 0.005749936681240797 79
1682044556812 0.005820797756314278 80
1682044556855 0.005853179842233658 81
1682044556897 0.005826217588037252 82
1682044556940 0.0057653700932860374 83
1682044556982 0.005719742737710476 84
1682044557022 0.005722372326999903 85
1682044557066 0.0057668061926960945 86
1682044557108 0.005814921576529741 87
1682044557149 0.0058288113214075565 88
1682044557190 0.005800575017929077 89
1682044557230 0.005755928345024586 90
1682044557271 0.0057313949801027775 91
1682044557311 0.005744600668549538 92
1682044557350 0.005781744606792927 93
1682044557389 0.0058111040852963924 94
1682044557429 0.0058100586757063866 95
1682044557469 0.005782745778560638 96
1682044557508 0.005754389800131321 97
1682044557550 0.005748709663748741 98
1682044557593 0.005768554285168648 99
1682044557632 0.0057954126968979836 99
