1682044503872 78.88241153293185 1
1682044504434 79.6336407131619 2
1682044504981 79.90768093532986 3
1682044505559 80.02459462483723 4
1682044506154 80.11148240831163 5
1682044506736 80.1129379272461 6
1682044507309 80.11331346299913 7
1682044507850 80.11343383789062 8
1682044508411 80.11346944173177 9
1682044508963 80.11348470052083 10
1682044509541 80.11349317762587 11
1682044510168 80.11349487304688 12
1682044510760 80.1135025024414 13
1682044511368 80.11350335015192 14
1682044511943 80.1135016547309 15
