1682457221106 2606.291290283203 0
1682457222047 2532.3240966796875 0
1682457222956 2509.7345123291016 0
1682457223872 2494.763702392578 0
1682457224803 2481.4845581054688 0
1682457225732 2468.493621826172 0
1682457226652 2458.013870239258 0
1682457227551 2450.2039337158203 0
1682457228487 2444.237014770508 0
1682457229413 2439.524673461914 0
1682457230338 2435.7142028808594 0
1682457231244 2432.5899810791016 0
1682457232138 2430.010223388672 0
1682457233030 2427.8728637695312 0
1682457233931 2426.0951538085938 0
1682457234819 2424.607940673828 0
1682457235708 2423.354461669922 0
1682457236615 2422.2898712158203 0
1682457237504 2421.3790588378906 0
1682457238389 2420.595489501953 0
1682457239316 2419.9185791015625 0
1682457240226 2419.332229614258 0
1682457241149 2418.8220825195312 0
1682457242073 2418.3768005371094 0
1682457243021 2417.9865112304688 0
1682457243982 2417.6429443359375 0
1682457244904 2417.3390197753906 0
1682457245801 2417.068649291992 0
1682457246819 2416.8267669677734 0
1682457247836 2416.608917236328 0
1682457248814 2416.412078857422 0
1682457249772 2416.233123779297 0
1682457250743 2416.069351196289 0
1682457251696 2415.919174194336 0
1682457252573 2415.780990600586 0
1682457253504 2415.652862548828 0
1682457254448 2415.5338592529297 0
1682457255395 2415.4232177734375 0
1682457256352 2415.319854736328 0
1682457257250 2415.2229766845703 0
1682457258206 2415.132278442383 0
1682457259146 2415.0467529296875 0
1682457260022 2414.9663848876953 0
1682457260896 2414.890090942383 0
1682457261777 2414.8184814453125 0
1682457262692 2414.750015258789 0
1682457263656 2414.6854705810547 0
1682457264584 2414.6236267089844 0
1682457265465 2414.56494140625 0
1682457266366 2414.5090942382812 0
1682457267297 2414.4559020996094 0
1682457268235 2414.404541015625 0
1682457269209 2414.3556365966797 0
1682457270172 2414.308837890625 0
1682457271091 2414.263717651367 0
1682457272027 2414.220413208008 0
1682457272957 2414.1786193847656 0
1682457273911 2414.1385803222656 0
1682457274831 2414.099899291992 0
1682457275721 2414.062545776367 0
