1682457221860 0.37166666666666676 0
1682457222769 0.4003333333333334 0
1682457223696 0.41816666666666663 0
1682457224618 0.4851666666666667 0
1682457225553 0.5005000000000001 0
1682457226467 0.5271666666666667 0
1682457227374 0.5205000000000001 0
1682457228306 0.5216666666666666 0
1682457229225 0.5191666666666667 0
1682457230159 0.5153333333333333 0
1682457231068 0.515 0
1682457231965 0.5088333333333334 0
1682457232858 0.49866666666666665 0
1682457233760 0.49183333333333334 0
1682457234647 0.4991666666666667 0
1682457235535 0.4746666666666666 0
1682457236428 0.47266666666666673 0
1682457237331 0.46849999999999997 0
1682457238218 0.463 0
1682457239136 0.4683333333333333 0
1682457240060 0.45683333333333337 0
1682457240970 0.46549999999999997 0
1682457241888 0.4648333333333334 0
1682457242852 0.45766666666666667 0
1682457243796 0.45649999999999996 0
1682457244734 0.458 0
1682457245613 0.46316666666666667 0
1682457246587 0.4595 0
1682457247648 0.4556666666666667 0
1682457248633 0.4581666666666668 0
1682457249584 0.46599999999999997 0
1682457250554 0.4676666666666667 0
1682457251526 0.4663333333333333 0
1682457252402 0.46366666666666667 0
1682457253324 0.45316666666666666 0
1682457254271 0.4283333333333334 0
1682457255210 0.43283333333333335 0
1682457256183 0.43616666666666665 0
1682457257070 0.4228333333333334 0
1682457258024 0.4208333333333334 0
1682457258979 0.4263333333333333 0
1682457259853 0.42350000000000004 0
1682457260730 0.4313333333333333 0
1682457261606 0.4206666666666667 0
1682457262510 0.41516666666666663 0
1682457263475 0.42933333333333334 0
1682457264416 0.42066666666666674 0
1682457265297 0.42766666666666664 0
1682457266191 0.42500000000000004 0
1682457267112 0.4358333333333333 0
1682457268053 0.42733333333333334 0
1682457269030 0.43966666666666665 0
1682457269992 0.43183333333333335 0
1682457270913 0.4303333333333334 0
1682457271842 0.4255 0
1682457272773 0.43100000000000005 0
1682457273736 0.4188333333333334 0
1682457274656 0.4286666666666666 0
1682457275546 0.4218333333333333 0
1682457276473 0.427 0
