1681691806121 0.23412207829636067 0
1681691806297 0.28509612857297656 0
1681691806472 0.30935397721246305 0
1681691806651 0.322871363842541 0
1681691806830 0.3311287404215752 0
1681691807011 0.3364299648685051 0
1681691807191 0.3399405990697194 0
1681691807377 0.34232533919572894 0
1681691807567 0.3439723143286186 0
1681691807759 0.34511403683379227 0
1681691807942 0.34589584779907956 0
1681691808128 0.3464129599424396 0
1681691808313 0.346730528179664 0
1681691808498 0.3468948920279182 0
1681691808687 0.3469401817828325 0
1681691808880 0.3468922995021757 0
1681691809071 0.34677134577424723 0
1681691809264 0.346593344644362 0
1681691809461 0.3463714829231697 0
1681691809651 0.34611641593848624 0
1681691809841 0.34583719029445564 0
1681691810030 0.34554144254085883 0
1681691810221 0.3452358338265738 0
1681691810414 0.34492595792128994 0
1681691810604 0.34461634407076247 0
1681691810787 0.3443113151438527 0
1681691810968 0.3440141813094105 0
1681691811160 0.343727738833116 0
1681691811350 0.34345421245829877 0
1681691811531 0.34319529832117024 0
1681691811714 0.3429524587376599 0
1681691811895 0.34272597326051824 0
1681691812076 0.3425158193125183 0
1681691812258 0.34232276145165413 0
1681691812439 0.34214600752253566 0
1681691812620 0.341985108791127 0
1681691812803 0.34183855026474985 0
1681691812985 0.3417052644151848 0
1681691813166 0.34158426191431807 0
1681691813346 0.3414740508642312 0
