1681153159743 39.69872064568758 0
1681153159918 53.557715348472584 0
1681153160088 64.84551833265212 0
1681153160256 74.37093211158887 0
1681153160425 82.61506217095085 0
1681153160594 89.88308976481463 0
1681153160789 96.38047868144128 0
1681153160971 102.25249957788714 0
1681153161151 107.60599056776897 0
1681153161322 112.5220653141844 0
1681153161505 117.0639275949509 0
1681153161688 121.28189474996172 0
1681153161871 125.21675389813345 0
1681153162055 128.90207240950116 0
1681153162238 132.36584098864094 0
1681153162411 135.63166536171758 0
1681153162581 138.71965121119527 0
1681153162750 141.64707162862086 0
1681153162921 144.42888273948765 0
1681153163104 147.07812346298562 0
1681153163287 149.6062320159801 0
1681153163469 152.02329785414167 0
1681153163637 154.33826704374812 0
1681153163806 156.55910692362028 0
1681153163974 158.69294399358054 0
1681153164141 160.7461766131265 0
1681153164308 162.72456989382135 0
1681153164477 164.63333524424877 0
1681153164648 166.4771969969688 0
1681153164815 168.2604501535579 0
