1681687280337 2569.956069946289 0
1681687280527 2456.038772583008 0
1681687280716 2427.8475799560547 0
1681687280901 2406.700149536133 0
1681687281088 2389.6727600097656 0
1681687281271 2375.7935791015625 0
1681687281453 2364.491180419922 0
1681687281648 2355.20361328125 0
1681687281826 2347.449905395508 0
1681687282003 2340.8685455322266 0
1681687282178 2335.196060180664 0
1681687282366 2330.2423248291016 0
1681687282553 2325.8663940429688 0
1681687282742 2321.9633026123047 0
1681687282927 2318.4519653320312 0
1681687283109 2315.2696075439453 0
1681687283289 2312.3665924072266 0
1681687283468 2309.703338623047 0
1681687283647 2307.2469024658203 0
1681687283825 2304.9715423583984 0
1681687284003 2302.8551177978516 0
1681687284182 2300.8787841796875 0
1681687284361 2299.027084350586 0
1681687284537 2297.287368774414 0
1681687284715 2295.647979736328 0
1681687284892 2294.0990295410156 0
1681687285071 2292.6327056884766 0
1681687285248 2291.2410736083984 0
1681687285430 2289.91796875 0
1681687285624 2288.6580200195312 0
