1682039175008 59.84133529663086 0
1682039175022 59.841346740722656 1
1682039175037 59.84136199951172 2
1682039175052 59.84137725830078 3
1682039175066 59.84138870239258 4
1682039175080 59.841400146484375 5
1682039175094 59.84141540527344 6
1682039175109 59.841426849365234 7
1682039175123 59.84143829345703 8
1682039175137 59.84144592285156 9
1682039175152 59.841453552246094 10
1682039175166 59.841461181640625 11
1682039175181 59.841468811035156 12
1682039175195 59.84147262573242 13
1682039175209 59.84147644042969 14
1682039175223 59.84147644042969 15
1682039175237 59.84148025512695 16
1682039175251 59.84148025512695 17
1682039175265 59.84148025512695 18
1682039175279 59.84147644042969 19
1682039175293 59.84147644042969 20
1682039175307 59.84147644042969 21
1682039175322 59.84147644042969 22
1682039175336 59.84147262573242 23
1682039175349 59.841468811035156 24
1682039175363 59.841468811035156 25
1682039175377 59.841468811035156 26
1682039175391 59.84146499633789 27
1682039175406 59.841461181640625 28
1682039175420 59.841461181640625 29
1682039175434 59.841461181640625 30
1682039175448 59.841461181640625 31
1682039175462 59.841461181640625 32
1682039175476 59.841461181640625 33
1682039175490 59.84145736694336 34
1682039175505 59.84145736694336 35
1682039175519 59.84145736694336 36
1682039175534 59.841453552246094 37
1682039175551 59.841453552246094 38
1682039175567 59.841453552246094 39
1682039175583 59.841453552246094 40
1682039175599 59.841453552246094 41
1682039175615 59.841453552246094 42
1682039175631 59.841453552246094 43
1682039175646 59.841453552246094 44
1682039175662 59.841453552246094 45
1682039175678 59.841453552246094 46
1682039175700 59.841453552246094 47
1682039175716 59.841453552246094 48
1682039175733 59.841453552246094 49
