1682044349921 0.0 0
1682044349966 0.009997026063501835 1
1682044350009 0.013221442699432373 2
1682044350052 0.011171145364642143 3
1682044350096 0.007494261022657156 4
1682044350138 0.004469429142773151 5
1682044350180 0.0036356067284941673 6
1682044350222 0.0048873210325837135 7
1682044350266 0.007327137514948845 8
1682044350308 0.009931459091603756 9
1682044350352 0.011712238192558289 10
1682044350397 0.012115112505853176 11
1682044350444 0.011243063025176525 12
1682044350491 0.009609172120690346 13
1682044350539 0.007890187203884125 14
1682044350588 0.006740432698279619 15
1682044350636 0.006541035603731871 16
1682044350685 0.007262337487190962 17
1682044350731 0.008553062565624714 18
1682044350776 0.009898301213979721 19
1682044350820 0.010789833962917328 20
1682044350862 0.010922707617282867 21
1682044350905 0.010307089425623417 22
1682044350973 0.009224241599440575 23
1682044351019 0.008102625608444214 24
1682044351066 0.007362498436123133 25
1682044351113 0.007250429131090641 26
1682044351159 0.007748524192720652 27
1682044351203 0.00860708300024271 28
1682044351247 0.0094559071585536 29
1682044351289 0.009951230138540268 30
1682044351330 0.009916584007441998 31
1682044351373 0.009406465105712414 32
1682044351416 0.008665370754897594 33
1682044351459 0.008017139509320259 34
1682044351502 0.007726484909653664 35
1682044351548 0.007886411622166634 36
1682044351599 0.008388739079236984 37
1682044351645 0.008984660729765892 38
1682044351691 0.009400185197591782 39
1682044351737 0.009459654800593853 40
1682044351782 0.009160300716757774 41
1682044351827 0.008661866188049316 42
1682044351870 0.00820381473749876 43
1682044351913 0.007990654557943344 44
1682044351957 0.008097650483250618 45
1682044352001 0.008443755097687244 46
1682044352045 0.00884109828621149 47
1682044352089 0.009092001244425774 48
1682044352130 0.009086137637495995 49
1682044352174 0.008849217556416988 50
1682044352223 0.00852051842957735 51
1682044352269 0.00827543530613184 52
1682044352315 0.008234227076172829 53
1682044352361 0.008404115214943886 54
1682044352411 0.00868362095206976 55
1682044352461 0.008922788314521313 56
1682044352510 0.009004823863506317 57
1682044352557 0.008905206806957722 58
1682044352603 0.00869759451597929 59
1682044352651 0.008506791666150093 60
1682044352699 0.008437467738986015 61
1682044352746 0.008518673479557037 62
1682044352794 0.008693860843777657 63
1682044352846 0.008858920074999332 64
1682044352890 0.008923882618546486 65
1682044352932 0.00886230543255806 66
1682044352975 0.0087211262434721 67
1682044353019 0.008588108234107494 68
1682044353088 0.00853839609771967 69
1682044353149 0.008592301979660988 70
1682044353197 0.008708063513040543 71
1682044353244 0.00881133507937193 72
1682044353293 0.008841510862112045 73
1682044353340 0.0087863989174366 74
1682044353385 0.008685429580509663 75
1682044353429 0.008601772598922253 76
1682044353472 0.008582350797951221 77
1682044353515 0.008630789816379547 78
1682044353558 0.008708848617970943 79
1682044353602 0.008763403631746769 80
1682044353645 0.008760562166571617 81
1682044353688 0.008705256506800652 82
1682044353731 0.008635097183287144 83
1682044353775 0.008594184182584286 84
1682044353819 0.00860476866364479 85
1682044353862 0.00865486916154623 86
1682044353909 0.008708680048584938 87
1682044353960 0.008731532841920853 88
1682044354010 0.00871225818991661 89
1682044354057 0.008668612688779831 90
1682044354105 0.008633293211460114 91
1682044354156 0.008631053380668163 92
1682044354206 0.008662679232656956 93
1682044354256 0.008706111460924149 94
1682044354304 0.00873288232833147 95
1682044354352 0.008727801963686943 96
1682044354399 0.008698305115103722 97
1682044354445 0.008667666465044022 98
1682044354492 0.00865773856639862 99
1682044354525 0.008673837408423424 99
