1682044349916 0.0 0
1682044349960 -0.009996875189244747 1
1682044350004 -0.012340200133621693 2
1682044350047 -0.009854008443653584 3
1682044350091 -0.006124434061348438 4
1682044350133 -0.0035025416873395443 5
1682044350175 -0.003252882044762373 6
1682044350217 -0.0049111428670585155 7
1682044350260 -0.007452948950231075 8
1682044350304 -0.009779837913811207 9
1682044350347 -0.01097084954380989 10
1682044350392 -0.010745037347078323 11
1682044350438 -0.009448216296732426 12
1682044350485 -0.00772484578192234 13
1682044350534 -0.006296013481914997 14
1682044350583 -0.005710314959287643 15
1682044350631 -0.006106452085077763 16
1682044350679 -0.007225065026432276 17
1682044350726 -0.008574534207582474 18
1682044350771 -0.009610441513359547 19
1682044350815 -0.009946099482476711 20
1682044350857 -0.009510904550552368 21
1682044350900 -0.008539561182260513 22
1682044350968 -0.007448873482644558 23
1682044351014 -0.00667555583640933 24
1682044351060 -0.006498335395008326 25
1682044351107 -0.006927869748324156 26
1682044351154 -0.007729404140263796 27
1682044351198 -0.008536510169506073 28
1682044351242 -0.00900486670434475 29
1682044351284 -0.00895986333489418 30
1682044351325 -0.008461488410830498 31
1682044351368 -0.007759090047329664 32
1682044351411 -0.0071730841882526875 33
1682044351454 -0.006951214279979467 34
1682044351497 -0.007159713190048933 35
1682044351542 -0.007665794342756271 36
1682044351594 -0.008211697451770306 37
1682044351639 -0.008538687601685524 38
1682044351685 -0.008508458733558655 39
1682044351732 -0.008161195553839207 40
1682044351777 -0.007684231270104647 41
1682044351822 -0.007313598413020372 42
1682044351865 -0.0072170766070485115 43
1682044351908 -0.007415571250021458 44
1682044351952 -0.007782700005918741 45
1682044351996 -0.00811796449124813 46
1682044352041 -0.008252281695604324 47
1682044352084 -0.00813291221857071 48
1682044352125 -0.007842877879738808 49
1682044352168 -0.007548660039901733 50
1682044352217 -0.00740739144384861 51
1682044352264 -0.007483730558305979 52
1682044352309 -0.0077211009338498116 53
1682044352356 -0.007980529218912125 54
1682044352406 -0.008121756836771965 55
1682044352455 -0.008080380037426949 56
1682044352504 -0.007898494601249695 57
1682044352552 -0.007693461608141661 58
1682044352598 -0.0075865210965275764 59
1682044352645 -0.0076332394964993 60
1682044352693 -0.00779593363404274 61
1682044352741 -0.007972226478159428 62
1682044352789 -0.008059363812208176 63
1682044352841 -0.008014923892915249 64
1682044352884 -0.007877697236835957 65
1682044352927 -0.007738725747913122 66
1682044352970 -0.007682704366743565 67
1682044353014 -0.007736867759376764 68
1682044353081 -0.00785871408879757 69
1682044353143 -0.007967171259224415 70
1682044353191 -0.00799566600471735 71
1682044353239 -0.007932691834867 72
1682044353288 -0.007825071923434734 73
1682044353334 -0.0077438573352992535 74
1682044353380 -0.007737389765679836 75
1682044353425 -0.00780160678550601 76
1682044353467 -0.007886814884841442 77
1682044353510 -0.007933560758829117 78
1682044353553 -0.007912279106676579 79
1682044353596 -0.0078407172113657 80
1682044353640 -0.007768603507429361 81
1682044353683 -0.007742441724985838 82
1682044353726 -0.007774156052619219 83
1682044353770 -0.007835698314011097 84
1682044353814 -0.00788186863064766 85
1682044353857 -0.007881993427872658 86
1682044353902 -0.007840147241950035 87
1682044353954 -0.007789738941937685 88
1682044354004 -0.007767619099467993 89
1682044354051 -0.007788187358528376 90
1682044354099 -0.007834823802113533 91
1682044354149 -0.007873931899666786 92
1682044354200 -0.007880102843046188 93
1682044354250 -0.007853636518120766 94
1682044354299 -0.007818125188350677 95
1682044354346 -0.007801317609846592 96
1682044354394 -0.00781461875885725 97
1682044354440 -0.007846224121749401 98
1682044354488 -0.007871599867939949 99
1682044354520 -0.007872501388192177 99
