1682044349908 0.0 0
1682044349953 0.009999698027968407 1
1682044349996 0.01993834227323532 2
1682044350039 0.02975841984152794 3
1682044350084 0.039387449622154236 4
1682044350126 0.04873579740524292 5
1682044350168 0.05769546329975128 6
1682044350210 0.06614059209823608 7
1682044350253 0.07393145561218262 8
1682044350297 0.0809234231710434 9
1682044350339 0.08698108047246933 10
1682044350384 0.09199519455432892 11
1682044350429 0.09589795023202896 12
1682044350477 0.09867138415575027 13
1682044350525 0.10034673660993576 14
1682044350574 0.10099627822637558 15
1682044350622 0.10072175413370132 16
1682044350670 0.09964308887720108 17
1682044350718 0.09788952767848969 18
1682044350763 0.09559375792741776 19
1682044350808 0.09288839995861053 20
1682044350850 0.08990404009819031 21
1682044350893 0.08676794171333313 22
1682044350960 0.08360273391008377 23
1682044351005 0.08052463084459305 24
1682044351052 0.0776408463716507 25
1682044351098 0.0750463455915451 26
1682044351146 0.07282018661499023 27
1682044351191 0.07102219015359879 28
1682044351234 0.06969060003757477 29
1682044351277 0.06884103268384933 30
1682044351318 0.0684671476483345 31
1682044351360 0.06854256987571716 32
1682044351403 0.06902384757995605 33
1682044351447 0.06985386461019516 34
1682044351490 0.0709652528166771 35
1682044351534 0.0722837969660759 36
1682044351586 0.07373151183128357 37
1682044351631 0.07522983103990555 38
1682044351677 0.07670266181230545 39
1682044351724 0.07807964086532593 40
1682044351769 0.0792992040514946 41
1682044351814 0.08031146973371506 42
1682044351857 0.0810803696513176 43
1682044351901 0.08158493041992188 44
1682044351944 0.0818195641040802 45
1682044351988 0.08179320394992828 46
1682044352033 0.08152776956558228 47
1682044352077 0.08105599880218506 48
1682044352118 0.08041906356811523 49
1682044352161 0.07966399192810059 50
1682044352209 0.07884104549884796 51
1682044352256 0.07800106704235077 52
1682044352301 0.07719283550977707 53
1682044352347 0.07646042853593826 54
1682044352397 0.07584083080291748 55
1682044352447 0.07536207884550095 56
1682044352495 0.07504202425479889 57
1682044352543 0.07488792389631271 58
1682044352590 0.07489679008722305 59
1682044352637 0.07505640387535095 60
1682044352685 0.07534675300121307 61
1682044352732 0.0757417380809784 62
1682044352780 0.07621096819639206 63
1682044352834 0.0767216831445694 64
1682044352877 0.07724075019359589 65
1682044352920 0.07773665338754654 66
1682044352962 0.07818136364221573 67
1682044353006 0.0785520002245903 68
1682044353072 0.07883191853761673 69
1682044353135 0.07901135087013245 70
1682044353183 0.07908748090267181 71
1682044353230 0.0790640190243721 72
1682044353279 0.07895036786794662 73
1682044353327 0.07876063138246536 74
1682044353372 0.07851235568523407 75
1682044353417 0.07822534441947937 76
1682044353460 0.07792028039693832 77
1682044353502 0.0776173397898674 78
1682044353546 0.07733497768640518 79
1682044353589 0.07708876579999924 80
1682044353633 0.07689063251018524 81
1682044353675 0.07674826681613922 82
1682044353718 0.07666516304016113 83
1682044353762 0.07664084434509277 84
1682044353806 0.07667110860347748 85
1682044353850 0.0767488032579422 86
1682044353894 0.07686445116996765 87
1682044353946 0.077006995677948 88
1682044353995 0.07716470211744308 89
1682044354042 0.07732593268156052 90
1682044354090 0.07747993618249893 91
1682044354140 0.07761752605438232 92
1682044354191 0.07773155719041824 93
1682044354241 0.0778171643614769 94
1682044354290 0.07787185162305832 95
1682044354338 0.07789543271064758 96
1682044354385 0.07788977771997452 97
1682044354432 0.07785844802856445 98
1682044354480 0.07780633121728897 99
1682044354514 0.07773927599191666 99
