1682044349924 0.0 0
1682044349968 -0.009990566410124302 1
1682044350011 -0.004558935761451721 2
1682044350055 0.001235641073435545 3
1682044350098 0.0033554662950336933 4
1682044350140 0.001973699312657118 5
1682044350182 -0.001106862910091877 6
1682044350224 -0.004380699247121811 7
1682044350268 -0.006472506560385227 8
1682044350310 -0.006727435626089573 9
1682044350354 -0.0054441047832369804 10
1682044350399 -0.0033355134073644876 11
1682044350446 -0.0012335903011262417 12
1682044350494 9.089813102036715e-05 13
1682044350542 0.00023867264098953456 14
1682044350591 -0.0006915629492141306 15
1682044350639 -0.0022665837313979864 16
1682044350688 -0.003900389187037945 17
1682044350734 -0.005020711570978165 18
1682044350778 -0.00527899619191885 19
1682044350823 -0.00467343395575881 20
1682044350865 -0.003494093893095851 21
1682044350908 -0.0021927719935774803 22
1682044350975 -0.0012354922946542501 23
1682044351022 -0.0009346717270091176 24
1682044351069 -0.0013358076103031635 25
1682044351116 -0.002229750854894519 26
1682044351162 -0.0032507963478565216 27
1682044351206 -0.004010086879134178 28
1682044351249 -0.0042412723414599895 29
1682044351291 -0.0038991416804492474 30
1682044351332 -0.0031580848153680563 31
1682044351375 -0.0023297560401260853 32
1682044351418 -0.0017399964854121208 33
1682044351462 -0.0016001182375475764 34
1682044351505 -0.00192729861009866 35
1682044351551 -0.0025521335192024708 36
1682044351601 -0.0031984327360987663 37
1682044351647 -0.0035991203039884567 38
1682044351693 -0.00360681489109993 39
1682044351739 -0.0032488773576915264 40
1682044351785 -0.002703735139220953 41
1682044351829 -0.0022166201379150152 42
1682044351873 -0.0019914391450583935 43
1682044351916 -0.002103853737935424 44
1682044351960 -0.0024761778768152 45
1682044352003 -0.002922017825767398 46
1682044352048 -0.0032354583963751793 47
1682044352092 -0.003285234095528722 48
1682044352132 -0.0030702659860253334 49
1682044352176 -0.0027114110998809338 50
1682044352226 -0.002387611661106348 51
1682044352272 -0.002248637145385146 52
1682044352317 -0.0023457943461835384 53
1682044352365 -0.0026140082627534866 54
1682044352415 -0.0029110165778547525 55
1682044352464 -0.0030912719666957855 56
1682044352512 -0.003077510744333267 57
1682044352560 -0.002894266974180937 58
1682044352607 -0.0026485221460461617 59
1682044352654 -0.0024703461676836014 60
1682044352702 -0.0024454123340547085 61
1682044352749 -0.002574343467131257 62
1682044352797 -0.0027784709818661213 63
1682044352849 -0.00294624175876379 64
1682044352892 -0.0029937531799077988 65
1682044352934 -0.002906954614445567 66
1682044352977 -0.002743972698226571 67
1682044353022 -0.002598769264295697 68
1682044353091 -0.00254808459430933 69
1682044353152 -0.00261109322309494 70
1682044353199 -0.0027432197239249945 71
1682044353247 -0.002865380607545376 72
1682044353296 -0.002910308074206114 73
1682044353343 -0.0028591107111424208 74
1682044353388 -0.0027482861187309027 75
1682044353432 -0.002644865307956934 76
1682044353474 -0.0026061199605464935 77
1682044353517 -0.002647596411406994 78
1682044353560 -0.0027373458724468946 79
1682044353604 -0.002818115521222353 80
1682044353647 -0.0028426633216440678 81
1682044353690 -0.0028008425142616034 82
1682044353733 -0.0027226463425904512 83
1682044353777 -0.002657316392287612 84
1682044353821 -0.0026426278054714203 85
1682044353865 -0.002682874910533428 86
1682044353912 -0.002748914295807481 87
1682044353964 -0.0027985074557363987 88
1682044354013 -0.0028030932880938053 89
1682044354060 -0.0027643812354654074 90
1682044354108 -0.0027108886279165745 91
1682044354159 -0.0026780255138874054 92
1682044354209 -0.0026853110175579786 93
1682044354259 -0.0027252756990492344 94
1682044354307 -0.002770247170701623 95
1682044354355 -0.0027915211394429207 96
1682044354402 -0.0027778716757893562 97
1682044354448 -0.00274147791787982 98
1682044354495 -0.002708164509385824 99
1682044354527 -0.0026994335930794477 99
