1682044340858 78.88241153293185 1
1682044341495 79.6336407131619 2
1682044342134 79.90768093532986 3
1682044342764 80.02459462483723 4
1682044343345 80.11148240831163 5
1682044343960 80.1129379272461 6
1682044344492 80.11331346299913 7
1682044345100 80.11343383789062 8
1682044345633 80.11346944173177 9
1682044346230 80.11348470052083 10
1682044346805 80.11349317762587 11
1682044347437 80.11349487304688 12
1682044348016 80.1135025024414 13
1682044348620 80.11350335015192 14
1682044349227 80.1135016547309 15
1682044355118 80.11349995930989 16
