1681171782514 2665.6270294189453 0
1681171782795 2552.4368286132812 0
1681171782992 2496.863494873047 0
1681171783168 2458.227813720703 0
1681171783339 2432.452377319336 0
1681171783514 2414.4493713378906 0
1681171783703 2400.799560546875 0
1681171783874 2389.6114196777344 0
1681171784045 2379.6983947753906 0
1681171784222 2370.4949493408203 0
1681171784398 2362.0462036132812 0
1681171784584 2354.545913696289 0
1681171784771 2348.003952026367 0
1681171784958 2342.2991943359375 0
1681171785142 2337.283157348633 0
1681171785316 2332.827606201172 0
1681171785488 2328.8294525146484 0
1681171785660 2325.208465576172 0
1681171785834 2321.903274536133 0
1681171786023 2318.8646545410156 0
1681171786213 2316.0546264648438 0
1681171786388 2313.4427185058594 0
1681171786558 2311.003372192383 0
1681171786730 2308.716323852539 0
1681171786901 2306.564712524414 0
1681171787071 2304.534194946289 0
1681171787243 2302.6127166748047 0
1681171787445 2300.7902069091797 0
1681171787615 2299.0575408935547 0
1681171787784 2297.4073486328125 0
