1681171782625 0.25457609966120376 0
1681171782807 0.26812677441661226 0
1681171783004 0.2789030838516367 0
1681171783179 0.2871005160303055 0
1681171783350 0.2925947555202818 0
1681171783542 0.2964500694944454 0
1681171783714 0.2993746662938594 0
1681171783885 0.30178817082678094 0
1681171784056 0.3038221218562382 0
1681171784234 0.3053213545063129 0
1681171784409 0.3061012990874404 0
1681171784597 0.3061508053811743 0
1681171784783 0.30557990364865395 0
1681171784971 0.3045235562191396 0
1681171785153 0.30309956153429934 0
1681171785326 0.30140050195759394 0
1681171785498 0.2994969063300819 0
1681171785671 0.2974423250811605 0
1681171785845 0.29527774996652045 0
1681171786035 0.29303494898606713 0
1681171786224 0.29073892724401906 0
1681171786399 0.2884096437333493 0
1681171786569 0.286063254402848 0
1681171786741 0.2837130304708606 0
1681171786912 0.2813699808774536 0
1681171787082 0.27904333692602484 0
1681171787273 0.27674087144950965 0
1681171787456 0.2744691374154953 0
1681171787625 0.27223364712329057 0
1681171787795 0.27003896504257263 0
