1682049508417 0.0 0
1682049508461 0.9999576210975647 1
1682049508503 1.9841535091400146 2
1682049508545 2.9487810134887695 3
1682049508587 3.784308910369873 4
1682049508629 4.495020389556885 5
1682049508669 5.107698917388916 6
1682049508710 5.642846584320068 7
1682049508752 6.114526748657227 8
1682049508793 6.533271312713623 9
1682049508833 6.907051086425781 10
1682049508887 7.242048263549805 11
1682049508931 7.543255805969238 12
1682049508975 7.814802169799805 13
1682049509017 8.06011962890625 14
1682049509061 8.282096862792969 15
1682049509105 8.483278274536133 16
1682049509149 8.66578197479248 17
1682049509195 8.831512451171875 18
1682049509238 8.982123374938965 19
1682049509280 9.119050979614258 20
1682049509321 9.243657112121582 21
1682049509362 9.35707950592041 22
1682049509403 9.460333824157715 23
1682049509446 9.55435848236084 24
1682049509489 9.639995574951172 25
1682049509529 9.718019485473633 26
1682049509569 9.789093017578125 27
1682049509610 9.8538236618042 28
1682049509651 9.912811279296875 29
1682049509694 9.966548919677734 30
1682049509734 10.015543937683105 31
1682049509775 10.060178756713867 32
1682049509816 10.100861549377441 33
1682049509856 10.137981414794922 34
1682049509899 10.171833038330078 35
1682049509940 10.2027006149292 36
1682049509981 10.2307767868042 37
1682049510022 10.256300926208496 38
1682049510063 10.27954387664795 39
1682049510104 10.30069637298584 40
1682049510143 10.319972038269043 41
1682049510183 10.337532043457031 42
1682049510223 10.35349178314209 43
1682049510263 10.3679838180542 44
1682049510305 10.381158828735352 45
1682049510344 10.393166542053223 46
1682049510384 10.404052734375 47
1682049510427 10.413935661315918 48
1682049510468 10.422917366027832 49
1682049510501 10.431105613708496 49
