1682049508422 0.0 0
1682049508466 0.9997267127037048 1
1682049508508 1.7842029333114624 2
1682049508550 2.4671950340270996 3
1682049508591 3.2242419719696045 4
1682049508633 4.065028667449951 5
1682049508673 4.922308921813965 6
1682049508715 5.739652633666992 7
1682049508756 6.493028163909912 8
1682049508797 7.177733421325684 9
1682049508839 7.796916961669922 10
1682049508891 8.356199264526367 11
1682049508936 8.861578941345215 12
1682049508980 9.31869888305664 13
1682049509022 9.732635498046875 14
1682049509066 10.107881546020508 15
1682049509110 10.448394775390625 16
1682049509154 10.757658958435059 17
1682049509200 11.038752555847168 18
1682049509243 11.294403076171875 19
1682049509285 11.527033805847168 20
1682049509326 11.738809585571289 21
1682049509366 11.931666374206543 22
1682049509408 12.107341766357422 23
1682049509451 12.267399787902832 24
1682049509494 12.413251876831055 25
1682049509534 12.546174049377441 26
1682049509574 12.667320251464844 27
1682049509615 12.777738571166992 28
1682049509656 12.878378868103027 29
1682049509698 12.97010612487793 30
1682049509739 13.053707122802734 31
1682049509780 13.129897117614746 32
1682049509820 13.199329376220703 33
1682049509861 13.262598037719727 34
1682049509904 13.320244789123535 35
1682049509945 13.372764587402344 36
1682049509986 13.420607566833496 37
1682049510026 13.46418571472168 38
1682049510068 13.503874778747559 39
1682049510108 13.540018081665039 40
1682049510148 13.572930335998535 41
1682049510188 13.602896690368652 42
1682049510228 13.63017749786377 43
1682049510268 13.655011177062988 44
1682049510309 13.67761516571045 45
1682049510348 13.698188781738281 46
1682049510389 13.716911315917969 47
1682049510432 13.733949661254883 48
1682049510473 13.7494535446167 49
1682049510505 13.763562202453613 49
