1682049508428 0.0 0
1682049508471 -0.9996874928474426 1
1682049508513 -1.8281137943267822 2
1682049508554 -2.624382495880127 3
1682049508596 -3.497438430786133 4
1682049508638 -4.324883460998535 5
1682049508678 -5.057758331298828 6
1682049508720 -5.701940059661865 7
1682049508761 -6.270819187164307 8
1682049508802 -6.776108741760254 9
1682049508844 -7.2271552085876465 10
1682049508896 -7.63140869140625 11
1682049508942 -7.994899749755859 12
1682049508985 -8.322592735290527 13
1682049509027 -8.61863899230957 14
1682049509071 -8.886554718017578 15
1682049509116 -9.129354476928711 16
1682049509159 -9.349645614624023 17
1682049509205 -9.549702644348145 18
1682049509247 -9.731523513793945 19
1682049509290 -9.896872520446777 20
1682049509330 -10.047317504882812 21
1682049509371 -10.184256553649902 22
1682049509413 -10.308941841125488 23
1682049509456 -10.42249584197998 24
1682049509498 -10.525931358337402 25
1682049509539 -10.620162010192871 26
1682049509579 -10.706013679504395 27
1682049509620 -10.784235000610352 28
1682049509661 -10.855504989624023 29
1682049509703 -10.920439720153809 30
1682049509744 -10.979599952697754 31
1682049509785 -11.033495903015137 32
1682049509825 -11.082592010498047 33
1682049509866 -11.127311706542969 34
1682049509909 -11.168041229248047 35
1682049509950 -11.205131530761719 36
1682049509991 -11.238903999328613 37
1682049510031 -11.269651412963867 38
1682049510072 -11.297640800476074 39
1682049510113 -11.323116302490234 40
1682049510152 -11.34630012512207 41
1682049510192 -11.367395401000977 42
1682049510233 -11.386587142944336 43
1682049510273 -11.404045104980469 44
1682049510314 -11.419922828674316 45
1682049510353 -11.434361457824707 46
1682049510394 -11.447489738464355 47
1682049510437 -11.45942497253418 48
1682049510478 -11.470273971557617 49
1682049510510 -11.480134010314941 49
