1682049508420 0.0 0
1682049508464 0.9999697804450989 1
1682049508506 1.8617322444915771 2
1682049508548 2.757023811340332 3
1682049508589 3.662446975708008 4
1682049508631 4.4854583740234375 5
1682049508671 5.208332538604736 6
1682049508712 5.842709541320801 7
1682049508754 6.402708053588867 8
1682049508795 6.900061130523682 9
1682049508836 7.344017028808594 10
1682049508889 7.741913795471191 11
1682049508934 8.099687576293945 12
1682049508978 8.422226905822754 13
1682049509019 8.713616371154785 14
1682049509064 8.977313995361328 15
1682049509108 9.216293334960938 16
1682049509152 9.433115005493164 17
1682049509198 9.630019187927246 18
1682049509240 9.80897331237793 19
1682049509283 9.971710205078125 20
1682049509324 10.119781494140625 21
1682049509364 10.254560470581055 22
1682049509405 10.377275466918945 23
1682049509449 10.489034652709961 24
1682049509492 10.59083366394043 25
1682049509532 10.683574676513672 26
1682049509572 10.768067359924316 27
1682049509613 10.845046997070312 28
1682049509654 10.915186882019043 29
1682049509696 10.979090690612793 30
1682049509737 11.037317276000977 31
1682049509778 11.090362548828125 32
1682049509818 11.138687133789062 33
1682049509859 11.182713508605957 34
1682049509902 11.222817420959473 35
1682049509943 11.259344100952148 36
1682049509984 11.292598724365234 37
1682049510024 11.322869300842285 38
1682049510065 11.350425720214844 39
1682049510106 11.375506401062012 40
1682049510146 11.398335456848145 41
1682049510186 11.419110298156738 42
1682049510226 11.438009262084961 43
1682049510265 11.455196380615234 44
1682049510307 11.470827102661133 45
1682049510346 11.485045433044434 46
1682049510387 11.497968673706055 47
1682049510429 11.50971508026123 48
1682049510470 11.520392417907715 49
1682049510503 11.530099868774414 49
