1682049459376 78.88241153293185 1
1682049459957 79.6336407131619 2
1682049460525 79.90768093532986 3
1682049461101 80.02459462483723 4
1682049461673 80.11148240831163 5
1682049462242 80.1129379272461 6
1682049462851 80.11331346299913 7
1682049463454 80.11343383789062 8
1682049464018 80.11346944173177 9
1682049464556 80.11348470052083 10
1682049465092 80.11349317762587 11
1682049465628 80.11349487304688 12
1682049466163 80.1135025024414 13
1682049466696 80.11350335015192 14
1682049467243 80.1135016547309 15
