1681693917705 2598.4021911621094 0
1681693917880 2479.250747680664 0
1681693918063 2437.035614013672 0
1681693918245 2409.4895935058594 0
1681693918421 2389.9940032958984 0
1681693918600 2375.391357421875 0
1681693918779 2363.9598541259766 0
1681693918956 2354.702651977539 0
1681693919135 2347.0078125 0
1681693919322 2340.4798431396484 0
1681693919499 2334.8484497070312 0
1681693919681 2329.9246673583984 0
1681693919859 2325.570510864258 0
1681693920039 2321.6819915771484 0
1681693920217 2318.181350708008 0
1681693920397 2315.006622314453 0
1681693920574 2312.1088256835938 0
1681693920753 2309.4497680664062 0
1681693920931 2306.997085571289 0
1681693921108 2304.7246704101562 0
1681693921286 2302.610809326172 0
1681693921464 2300.6372985839844 0
1681693921641 2298.7884063720703 0
1681693921817 2297.0516052246094 0
1681693921994 2295.415054321289 0
1681693922171 2293.8694763183594 0
1681693922350 2292.405960083008 0
1681693922528 2291.017547607422 0
1681693922706 2289.6976013183594 0
1681693922883 2288.4407501220703 0
1681693923060 2287.2415924072266 0
1681693923238 2286.095993041992 0
1681693923415 2284.999969482422 0
1681693923592 2283.9496154785156 0
1681693923769 2282.9422149658203 0
1681693923946 2281.9743041992188 0
1681693924123 2281.044174194336 0
1681693924300 2280.148727416992 0
1681693924477 2279.286102294922 0
1681693924654 2278.4544525146484 0
1681693924831 2277.651840209961 0
1681693925008 2276.8768005371094 0
1681693925186 2276.1278076171875 0
1681693925377 2275.403305053711 0
1681693925563 2274.702117919922 0
1681693925745 2274.0230560302734 0
1681693925925 2273.3653259277344 0
1681693926108 2272.727828979492 0
1681693926294 2272.1091918945312 0
1681693926483 2271.5091094970703 0
