1681693917721 0.6570175438596492 0
1681693917892 0.6342105263157894 0
1681693918075 0.6324561403508772 0
1681693918257 0.6342105263157894 0
1681693918434 0.6263157894736842 0
1681693918614 0.6201754385964913 0
1681693918791 0.6210526315789474 0
1681693918968 0.6210526315789474 0
1681693919148 0.6210526315789474 0
1681693919334 0.6201754385964913 0
1681693919512 0.6228070175438597 0
1681693919693 0.6192982456140351 0
1681693919871 0.624561403508772 0
1681693920051 0.624561403508772 0
1681693920230 0.624561403508772 0
1681693920410 0.6263157894736842 0
1681693920587 0.6271929824561403 0
1681693920766 0.6271929824561403 0
1681693920944 0.6271929824561403 0
1681693921121 0.6271929824561403 0
1681693921299 0.6289473684210526 0
1681693921476 0.6289473684210526 0
1681693921654 0.6289473684210526 0
1681693921830 0.6289473684210526 0
1681693922006 0.6307017543859649 0
1681693922183 0.6307017543859649 0
1681693922363 0.6307017543859649 0
1681693922541 0.6307017543859649 0
1681693922719 0.6307017543859649 0
1681693922895 0.6307017543859649 0
1681693923072 0.6307017543859649 0
1681693923250 0.6307017543859649 0
1681693923427 0.6307017543859649 0
1681693923604 0.6307017543859649 0
1681693923781 0.6307017543859649 0
1681693923959 0.6307017543859649 0
1681693924135 0.6307017543859649 0
1681693924312 0.6307017543859649 0
1681693924489 0.6307017543859649 0
1681693924666 0.6307017543859649 0
1681693924844 0.6307017543859649 0
1681693925021 0.6298245614035087 0
1681693925200 0.6298245614035087 0
1681693925390 0.6298245614035087 0
1681693925576 0.6298245614035087 0
1681693925757 0.6298245614035087 0
1681693925938 0.6298245614035087 0
1681693926121 0.6298245614035087 0
1681693926306 0.6298245614035087 0
1681693926495 0.6298245614035087 0
