1681962060281 84.06086730957031 0
1681962060362 85.22960662841797 0
1681962060443 86.45893859863281 0
1681962060525 86.87975311279297 0
1681962060606 87.02108764648438 0
1681962060688 87.03564453125 0
1681962060768 87.03640747070312 0
1681962060849 87.03643798828125 0
1681962060931 87.03639221191406 0
1681962061012 87.036376953125 0
1681962061093 87.0363998413086 0
1681962061174 87.036376953125 0
1681962061255 87.036376953125 0
1681962061337 87.036376953125 0
1681962061418 87.036376953125 0
1681962061500 87.036376953125 0
1681962061581 87.036376953125 0
1681962061662 87.036376953125 0
1681962061743 87.036376953125 0
1681962061824 87.036376953125 0
1681962075281 87.036376953125 0
1681962075364 87.036376953125 0
1681962075450 87.036376953125 0
1681962075534 87.036376953125 0
1681962075619 87.036376953125 0
1681962075703 87.036376953125 0
1681962075787 87.036376953125 0
1681962075872 87.036376953125 0
1681962075956 87.036376953125 0
1681962076040 87.036376953125 0
1681962076126 87.036376953125 0
1681962076209 87.036376953125 0
1681962076290 87.036376953125 0
1681962076372 87.036376953125 0
1681962076453 87.036376953125 0
1681962076534 87.036376953125 0
1681962076615 87.036376953125 0
1681962076697 87.036376953125 0
1681962076778 87.036376953125 0
1681962076859 87.036376953125 0
