1681962070231 113.80892181396484 0
1681962070313 113.9970703125 0
1681962070395 114.04225158691406 0
1681962070478 114.08772277832031 0
1681962070560 114.1203384399414 0
1681962070642 114.13748931884766 0
1681962070724 114.14389038085938 0
1681962070807 114.14572143554688 0
1681962070889 114.14619445800781 0
1681962070971 114.14635467529297 0
1681962071053 114.1463394165039 0
1681962071135 114.1463394165039 0
1681962071217 114.14633178710938 0
1681962071300 114.14639282226562 0
1681962071382 114.1463623046875 0
1681962071464 114.14635467529297 0
1681962071546 114.14635467529297 0
1681962071628 114.1463851928711 0
1681962071710 114.1463623046875 0
1681962071792 114.14633178710938 0
1681962085656 114.14633178710938 0
1681962085739 114.1463623046875 0
1681962085820 114.14633178710938 0
1681962085899 114.14631652832031 0
1681962085989 114.14633178710938 0
1681962086087 114.14631652832031 0
1681962086176 114.1463394165039 0
1681962086283 114.14631652832031 0
1681962086403 114.14633178710938 0
1681962086501 114.14633178710938 0
1681962086592 114.14633178710938 0
1681962086684 114.14633178710938 0
1681962086769 114.14633178710938 0
1681962086850 114.14633178710938 0
1681962086929 114.14634704589844 0
1681962087009 114.14634704589844 0
1681962087090 114.14634704589844 0
1681962087187 114.14634704589844 0
1681962087291 114.14634704589844 0
1681962087389 114.14634704589844 0
