1681962066918 92.57119750976562 0
1681962067001 92.87271118164062 0
1681962067083 96.33599853515625 0
1681962067165 98.13689422607422 0
1681962067248 98.15079498291016 0
1681962067330 98.15141296386719 0
1681962067412 98.15145874023438 0
1681962067494 98.15144348144531 0
1681962067577 98.15143585205078 0
1681962067658 98.15145874023438 0
1681962067740 98.15144348144531 0
1681962067822 98.15144348144531 0
1681962067904 98.15144348144531 0
1681962067986 98.15144348144531 0
1681962068068 98.15144348144531 0
1681962068150 98.15144348144531 0
1681962068231 98.15144348144531 0
1681962068314 98.15144348144531 0
1681962068398 98.15144348144531 0
1681962068480 98.15144348144531 0
1681962081965 98.15144348144531 0
1681962082053 98.15144348144531 0
1681962082141 98.15144348144531 0
1681962082226 98.15144348144531 0
1681962082309 98.15144348144531 0
1681962082392 98.15144348144531 0
1681962082474 98.15144348144531 0
1681962082558 98.15144348144531 0
1681962082642 98.15144348144531 0
1681962082734 98.15144348144531 0
1681962082861 98.15144348144531 0
1681962082961 98.15144348144531 0
1681962083053 98.15144348144531 0
1681962083145 98.15144348144531 0
1681962083241 98.15144348144531 0
1681962083341 98.15144348144531 0
1681962083427 98.15144348144531 0
1681962083521 98.15144348144531 0
1681962083611 98.15144348144531 0
1681962083706 98.15144348144531 0
