1681696526942 0.24694787472606033 0
1681696527114 0.29732845862031887 0
1681696527289 0.31991453797540426 0
1681696527465 0.33239073882447867 0
1681696527640 0.3401072969632055 0
1681696527818 0.3452186835153769 0
1681696527998 0.34875727392338757 0
1681696528189 0.3512786341409014 0
1681696528376 0.35310744627150237 0
1681696528555 0.3544455906599544 0
1681696528736 0.3554249029487412 0
1681696528916 0.3561349707460214 0
1681696529094 0.3566387788724747 0
1681696529286 0.3569818812003278 0
1681696529470 0.35719808850102436 0
1681696529658 0.3573129188445793 0
1681696529850 0.35734626126467284 0
1681696530035 0.3573135468492801 0
1681696530213 0.35722716248839625 0
1681696530390 0.35709713902988927 0
1681696530568 0.35693159380591466 0
1681696530753 0.356737236472974 0
1681696530944 0.35651964466551367 0
1681696531125 0.3562834375991649 0
1681696531318 0.3560325580428626 0
1681696531505 0.3557703046879394 0
1681696531683 0.3554994149713998 0
1681696531863 0.35522229354193197 0
1681696532039 0.35494103949808464 0
1681696532216 0.3546571178389192 0
1681696532398 0.3543718644501068 0
1681696532575 0.35408678871595 0
1681696532754 0.3538027235463288 0
1681696532932 0.3535204747364381 0
1681696533109 0.35324070714519495 0
1681696533288 0.3529639122591036 0
1681696533466 0.35269046785612546 0
1681696533643 0.3524207059723834 0
1681696533821 0.3521551545679319 0
1681696534000 0.351892876289808 0
