1681686593929 737.0 0
1681686594095 755.0 0
1681686594260 725.0 0
1681686594424 708.0 0
1681686594590 702.0 0
1681686594761 703.0 0
1681686594937 701.0 0
1681686595129 699.0 0
1681686595299 684.0 0
1681686595466 684.0 0
1681686595632 684.0 0
1681686595799 697.0 0
1681686595967 696.0 0
1681686596132 693.0 0
1681686596299 688.0 0
1681686596465 688.0 0
1681686596634 690.0 0
1681686596801 690.0 0
1681686596968 692.0 0
1681686597138 692.0 0
1681686597305 692.0 0
1681686597472 691.0 0
1681686597639 688.0 0
1681686597808 688.0 0
1681686597974 688.0 0
1681686598140 690.0 0
1681686598308 694.0 0
1681686598479 691.0 0
1681686598653 693.0 0
1681686598821 690.0 0
1681686655553 740.0 0
1681686655721 744.0 0
1681686655895 751.0 0
1681686656089 742.0 0
1681686656279 737.0 0
1681686656446 736.0 0
1681686656621 736.0 0
1681686656801 733.0 0
1681686656968 740.0 0
1681686657141 740.0 0
1681686657319 740.0 0
1681686657493 740.0 0
1681686657662 735.0 0
1681686657833 735.0 0
1681686658001 738.0 0
1681686658171 738.0 0
1681686658341 738.0 0
1681686658521 735.0 0
1681686658699 735.0 0
1681686658883 735.0 0
1681686659052 735.0 0
1681686659225 735.0 0
1681686659405 735.0 0
1681686659580 735.0 0
1681686659749 734.0 0
1681686659920 734.0 0
1681686660089 729.0 0
1681686660269 729.0 0
1681686660440 726.0 0
1681686660610 723.0 0
1681686674362 797.0 0
1681686674525 773.0 0
1681686674694 777.0 0
1681686674861 774.0 0
1681686675028 762.0 0
1681686675195 764.0 0
1681686675368 721.0 0
1681686675544 721.0 0
1681686675720 718.0 0
1681686675896 720.0 0
1681686676065 715.0 0
1681686676235 707.0 0
1681686676406 707.0 0
1681686676585 709.0 0
1681686676755 708.0 0
1681686676923 708.0 0
1681686677099 708.0 0
1681686677275 709.0 0
1681686677453 708.0 0
1681686677627 708.0 0
1681686677806 708.0 0
1681686677981 708.0 0
1681686678154 711.0 0
1681686678328 711.0 0
1681686678501 711.0 0
1681686678674 711.0 0
1681686678845 711.0 0
1681686679018 711.0 0
1681686679192 711.0 0
1681686679366 711.0 0
1681686686736 809.0 0
1681686686901 755.0 0
1681686687063 731.0 0
1681686687226 718.0 0
1681686687393 718.0 0
1681686687569 718.0 0
1681686687746 715.0 0
1681686687924 712.0 0
1681686688104 706.0 0
1681686688275 706.0 0
1681686688450 706.0 0
1681686688618 706.0 0
1681686688787 703.0 0
1681686688966 703.0 0
1681686689141 703.0 0
1681686689311 696.0 0
1681686689486 708.0 0
1681686689660 707.0 0
1681686689829 709.0 0
1681686689995 709.0 0
1681686690161 709.0 0
1681686690327 709.0 0
1681686690493 709.0 0
1681686690668 709.0 0
1681686690847 709.0 0
1681686691024 709.0 0
1681686691196 709.0 0
1681686691373 709.0 0
1681686691554 709.0 0
1681686691731 709.0 0
