1682447906739 0.24410632355754286 0
1682447907292 0.28982476419328157 0
1682447907847 0.3126555710362266 0
1682447908404 0.3258625760311389 0
1682447908949 0.3339410244590626 0
1682447909498 0.33911788281965805 0
1682447910031 0.34261204803406264 0
1682447910564 0.3450710028452552 0
1682447911098 0.3468492688365441 0
1682447911632 0.34815460979612284 0
1682447912186 0.3491172235871149 0
1682447912740 0.34982333756807316 0
1682447913300 0.3503326241006922 0
1682447913849 0.3506879591648879 0
1682447914423 0.35092097948620593 0
1682447914988 0.351055825011824 0
1682447915582 0.3511111453558192 0
1682447916190 0.35110166409073723 0
1682447916768 0.3510392583132047 0
1682447917355 0.3509335283937437 0
1682447917943 0.3507924400280352 0
1682447918536 0.3506225873205444 0
1682447919122 0.35042952132721095 0
1682447919675 0.3502178883751168 0
1682447920256 0.3499918224271904 0
1682447920851 0.3497544345103317 0
1682447921392 0.3495088435045186 0
1682447921966 0.3492573883970842 0
1682447922536 0.34900214624386106 0
1682447923093 0.34874540330819137 0
1682447923677 0.34848818273662197 0
1682447924276 0.34823208280504336 0
1682447924843 0.3479778102703265 0
1682447925370 0.3477268997790463 0
1682447925923 0.34748021223156794 0
1682447926446 0.34723770365176804 0
1682447926971 0.3469998466871297 0
1682447927492 0.34676817687191724 0
1682447928016 0.3465412937296962 0
1682447928545 0.3463207682986672 0
