1682447906369 0.3350877192982456 0
1682447906902 0.3368421052631579 0
1682447907463 0.34210526315789475 0
1682447908017 0.34035087719298246 0
1682447908581 0.3429824561403509 0
1682447909121 0.34912280701754383 0
1682447909663 0.34912280701754383 0
1682447910196 0.35526315789473684 0
1682447910730 0.35526315789473684 0
1682447911263 0.3508771929824561 0
1682447911799 0.35964912280701755 0
1682447912364 0.35964912280701755 0
1682447912905 0.35964912280701755 0
1682447913467 0.35964912280701755 0
1682447914025 0.35789473684210527 0
1682447914599 0.35789473684210527 0
1682447915178 0.35789473684210527 0
1682447915769 0.35789473684210527 0
1682447916364 0.35789473684210527 0
1682447916947 0.35789473684210527 0
1682447917543 0.3570175438596491 0
1682447918123 0.3570175438596491 0
1682447918726 0.3570175438596491 0
1682447919290 0.35789473684210527 0
1682447919855 0.35789473684210527 0
1682447920439 0.35789473684210527 0
1682447921029 0.35789473684210527 0
1682447921571 0.35789473684210527 0
1682447922141 0.35789473684210527 0
1682447922708 0.35789473684210527 0
1682447923270 0.35789473684210527 0
1682447923860 0.35789473684210527 0
1682447924475 0.35789473684210527 0
1682447925005 0.35789473684210527 0
1682447925547 0.35789473684210527 0
1682447926085 0.35789473684210527 0
1682447926609 0.3605263157894737 0
1682447927132 0.36140350877192984 0
1682447927655 0.36140350877192984 0
1682447928178 0.36140350877192984 0
