1681666565812 3160.608383178711 0
1681666567900 3028.506317138672 0
1681666568625 2977.1424560546875 0
1681666569235 2944.019027709961 0
1681666569831 2919.4192504882812 0
1681666570552 2900.4207916259766 0
1681666571152 2885.6678314208984 0
1681666571875 2873.992218017578 0
1681666572439 2864.5027770996094 0
1681666573058 2856.5931243896484 0
1681666573817 2849.8583984375 0
1681666574421 2844.0218200683594 0
1681666575173 2838.8902740478516 0
1681666575784 2834.3243560791016 0
1681666576543 2830.2201538085938 0
1681666577139 2826.499237060547 0
1681666577704 2823.1014099121094 0
1681666578385 2819.979217529297 0
1681666579000 2817.094482421875 0
1681666579752 2814.4163513183594 0
1681666580376 2811.920166015625 0
1681666581096 2809.584747314453 0
1681666581710 2807.3929290771484 0
1681666582324 2805.3297271728516 0
1681666583001 2803.3831481933594 0
1681666583600 2801.5418395996094 0
1681666584355 2799.7967987060547 0
1681666584987 2798.1400299072266 0
1681666585732 2796.5645141601562 0
1681666586377 2795.0638732910156 0
1681666892353 3141.9323120117188 0
1681666915898 3146.1065673828125 0
