1681666565833 -0.08466437485095654 0
1681666567912 0.31129973149951334 0
1681666568637 0.3350285096258174 0
1681666569247 0.3492421113235151 0
1681666569843 0.35767068833415877 0
1681666570565 0.36281290601042165 0
1681666571164 0.3660972704083532 0
1681666571886 0.36826071249658177 0
1681666572450 0.36969568161594024 0
1681666573071 0.3706292159657101 0
1681666573829 0.3670719540876405 0
1681666574434 0.36745275995625115 0
1681666575185 0.37162294645514843 0
1681666575796 0.37158217957745177 0
1681666576561 0.36756953205338244 0
1681666577151 0.37118085039065185 0
1681666577715 0.3708679573592044 0
1681666578397 0.37050324362812326 0
1681666579013 0.3700994376382569 0
1681666579764 0.3661073182965516 0
1681666580388 0.3657061097212829 0
1681666581109 0.3687424027800716 0
1681666581722 0.368262148364364 0
1681666582336 0.36441759886468056 0
1681666583012 0.3672850489740397 0
1681666583613 0.3635254370714828 0
1681666584367 0.366303778098529 0
1681666584999 0.36581679856269383 0
1681666585744 0.3653343603511046 0
1681666586389 0.36485856308126324 0
1681666892375 0.40454985322416925 0
1681666915911 0.3464358747449607 0
