1681669956494 3183.4371948242188 0
1681669958760 3027.7900390625 0
1681669959494 2970.735794067383 0
1681669960119 2936.1853942871094 0
1681669960718 2912.764358520508 0
1681669961482 2895.683868408203 0
1681669962084 2882.537551879883 0
1681669962801 2872.0096435546875 0
1681669963438 2863.324264526367 0
1681669964162 2855.990951538086 0
1681669964765 2849.6841888427734 0
1681669965365 2844.1773834228516 0
1681669966122 2839.3084564208984 0
1681669966725 2834.957794189453 0
1681669967489 2831.035110473633 0
1681669968096 2827.470230102539 0
1681669968712 2824.209014892578 0
1681669969468 2821.207275390625 0
1681669970090 2818.4305419921875 0
1681669970864 2815.8501739501953 0
1681669971484 2813.442642211914 0
1681669972207 2811.1878051757812 0
1681669972824 2809.0695037841797 0
1681669973448 2807.0740356445312 0
1681669974172 2805.1892852783203 0
1681669974799 2803.404495239258 0
1681669975519 2801.7113494873047 0
1681669976119 2800.102310180664 0
1681669976872 2798.570068359375 0
1681669977475 2797.1088104248047 0
1681670011086 3170.868682861328 0
1681670011923 3014.4222259521484 0
1681670012535 2972.941940307617 0
1681670013314 2946.1483612060547 0
1681670013971 2925.805221557617 0
1681670014701 2908.570098876953 0
1681670015308 2893.431930541992 0
1681670015914 2880.464309692383 0
1681670016648 2869.6446075439453 0
1681670017310 2860.646759033203 0
1681670018068 2853.080276489258 0
1681670018677 2846.619644165039 0
1681670019312 2841.0211181640625 0
1681670020067 2836.1047973632812 0
1681670020700 2831.7385864257812 0
1681670021490 2827.822479248047 0
1681670022112 2824.2806243896484 0
1681670022890 2821.053695678711 0
1681670023533 2818.0951385498047 0
1681670024141 2815.3682250976562 0
1681670024918 2812.8421783447266 0
1681670025562 2810.4923400878906 0
1681670026310 2808.297622680664 0
1681670026936 2806.241683959961 0
1681670027690 2804.3096923828125 0
1681670028339 2802.4889373779297 0
1681670028981 2800.768829345703 0
1681670029750 2799.1403198242188 0
1681670057149 3138.4231872558594 0
1681670057774 2993.1604614257812 0
1681670058414 2954.8344116210938 0
1681670059190 2929.509078979492 0
1681670059838 2910.950714111328 0
1681670060467 2896.261962890625 0
1681670061286 2883.825180053711 0
1681670061914 2872.9918212890625 0
1681670062534 2863.6282501220703 0
1681670063294 2855.6197204589844 0
1681670063930 2848.765899658203 0
1681670064561 2842.8497467041016 0
1681670065331 2837.684814453125 0
1681670065954 2833.1251068115234 0
1681670066761 2829.057144165039 0
1681670067422 2825.395523071289 0
1681670068078 2822.0726470947266 0
1681670068844 2819.0366973876953 0
1681670069481 2816.2456817626953 0
1681670070136 2813.6666564941406 0
1681670070960 2811.2719116210938 0
1681670071588 2809.039276123047 0
1681670072248 2806.950393676758 0
1681670073039 2804.989059448242 0
1681670073678 2803.1424407958984 0
1681670074339 2801.3995819091797 0
1681670075171 2799.7501220703125 0
1681670075787 2798.1862030029297 0
1681670076449 2796.700424194336 0
1681670077273 2795.2862854003906 0
1681670113790 3161.796356201172 0
1681670114587 3025.6957397460938 0
1681670115224 2978.849319458008 0
1681670115865 2948.9317474365234 0
1681670116636 2926.3490295410156 0
1681670117260 2907.793731689453 0
1681670117905 2892.413818359375 0
1681670118692 2879.8905181884766 0
1681670119313 2869.7037200927734 0
1681670149729 3181.1587524414062 0
1681670150336 3024.942642211914 0
1681670151092 2975.979995727539 0
1681670151724 2945.4356231689453 0
1681670152528 2923.5193786621094 0
1681670153182 2906.103012084961 0
1681670153842 2891.663040161133 0
1681670154636 2879.791946411133 0
1681670155257 2870.0316467285156 0
1681670155916 2861.8848724365234 0
1681670156706 2854.956069946289 0
1681670157370 2848.959197998047 0
1681670158040 2843.6900177001953 0
1681670158867 2839.001449584961 0
1681670159508 2834.784912109375 0
1681670160128 2830.9589080810547 0
1681670160883 2827.4605560302734 0
1681670161526 2824.240463256836 0
1681670162179 2821.260238647461 0
1681670162962 2818.488754272461 0
1681670163596 2815.8997802734375 0
1681670164213 2813.4737701416016 0
1681670165022 2811.1917419433594 0
1681670165649 2809.040313720703 0
1681670166442 2807.0057678222656 0
1681670167071 2805.0785522460938 0
1681670167699 2803.2490997314453 0
1681670168483 2801.5083770751953 0
1681670169123 2799.851058959961 0
1681670169733 2798.270477294922 0
