1681669956513 0.32532568274182266 0
1681669958772 0.3683561975455432 0
1681669959507 0.3840362397569232 0
1681669960131 0.39054233667206417 0
1681669960729 0.3932896805122754 0
1681669961494 0.3942680762348471 0
1681669962096 0.39431902981180794 0
1681669962813 0.3938410947985573 0
1681669963450 0.39304156350400404 0
1681669964174 0.39203704294697006 0
1681669964777 0.3908975304166502 0
1681669965377 0.3896675348658968 0
1681669966134 0.3883767206446942 0
1681669966736 0.3870455785759659 0
1681669967500 0.3856890430761054 0
1681669968108 0.3843179785070582 0
1681669968723 0.3829406327548651 0
1681669969480 0.3815635256528 0
1681669970102 0.38019142697740826 0
1681669970876 0.37540399731100216 0
1681669971496 0.37409404730115875 0
1681669972219 0.37614091810995365 0
1681669972837 0.3748209635339644 0
1681669973460 0.37351877901111324 0
1681669974184 0.3690022104549788 0
1681669974811 0.3709730268570201 0
1681669975531 0.3665644414480649 0
1681669976131 0.36851101125763225 0
1681669976884 0.364208153637295 0
1681669977487 0.36613698225712993 0
1681670011099 0.385704823253545 0
1681670011936 0.4100170985009999 0
1681670012547 0.4198082615850994 0
1681670013325 0.42112105106788567 0
1681670013983 0.42721895052208786 0
1681670014713 0.4282681036764049 0
1681670015320 0.42470393181757876 0
1681670015926 0.4273523869322692 0
1681670016661 0.4259594739169862 0
1681670017323 0.4242463132743062 0
1681670018079 0.42234871720105743 0
1681670018690 0.4169403076587012 0
1681670019324 0.4183019859151046 0
1681670020079 0.41623664500617763 0
1681670020712 0.410854413057579 0
1681670021502 0.4121306091999921 0
1681670022124 0.41011259996317123 0
1681670022902 0.40812699187988094 0
1681670023544 0.406177469584938 0
1681670024152 0.4010976612058735 0
1681670024930 0.4023951500615754 0
1681670025574 0.400564305248017 0
1681670026323 0.3987738510303408 0
1681670026948 0.3970234637639097 0
1681670027702 0.395312763047458 0
1681670028351 0.39063739439045153 0
1681670028994 0.3920062306253228 0
1681670057161 0.29393797264446136 0
1681670057787 0.3170288876211755 0
1681670058426 0.33180083977341 0
1681670059202 0.34477062246715295 0
1681670059849 0.35061794356262793 0
1681670060479 0.3542938761946756 0
1681670061298 0.3526756205854086 0
1681670061927 0.3574420687361268 0
1681670062546 0.35420384595898713 0
1681670063306 0.35795988226021364 0
1681670063942 0.3578643675658093 0
1681670064573 0.3576603023405265 0
1681670065343 0.3538513590152529 0
1681670065966 0.3570693255322508 0
1681670066773 0.35671774132325473 0
1681670067435 0.35634166150652824 0
1681670068091 0.355947024252596 0
1681670068856 0.3555381156958685 0
1681670069492 0.3551183027316932 0
1681670070148 0.3513919920845503 0
1681670070971 0.3542564642054581 0
1681670071601 0.3538186036208729 0
1681670072261 0.35337821852452045 0
1681670073051 0.3529369721509463 0
1681670073690 0.35249585901376684 0
1681670074351 0.35205592725980245 0
1681670075183 0.35161813767712974 0
1681670075799 0.3511836492160675 0
1681670076461 0.3507525709200597 0
1681670077284 0.3503261090567408 0
1681670113803 0.3569560277505287 0
1681670114599 0.391686973501264 0
1681670115237 0.4051932989231233 0
1681670115877 0.41091572661419884 0
1681670116653 0.41321732485730944 0
1681670117272 0.41004914416753996 0
1681670117917 0.41388847944274326 0
1681670118704 0.4093933873521782 0
1681670149741 0.33960496510225885 0
1681670150349 0.37721090546608116 0
1681670151121 0.3948582745303686 0
1681670151737 0.4001168645357617 0
1681670152539 0.39828032198946856 0
1681670153194 0.4032241368715073 0
1681670153854 0.4033823153928439 0
1681670154647 0.4030623362677663 0
1681670155269 0.40244995070216866 0
1681670155927 0.401661444529144 0
1681670156718 0.4007661497656217 0
1681670157382 0.39980549185848097 0
1681670158052 0.3950776284508908 0
1681670158880 0.39777982103150034 0
1681670159520 0.3931135493710875 0
1681670160140 0.39211601207115204 0
1681670160895 0.39464334126966466 0
1681670161538 0.3901092093266804 0
1681670162191 0.3925389901135964 0
1681670162974 0.3914867181764081 0
1681670163608 0.39043400524005745 0
1681670164225 0.38938051563414094 0
1681670165034 0.3850601157704914 0
1681670165662 0.38726699737886433 0
1681670166455 0.38620512932438894 0
1681670167083 0.38513914822886686 0
1681670167711 0.3809517266034616 0
1681670168494 0.38299349198578064 0
1681670169136 0.38191462183674163 0
1681670169745 0.3808323158524071 0
1681676961888 0.20436501997279513 0
1681676962569 0.25775014105604305 0
1681676963200 0.2904020442925437 0
1681676964028 0.3051870229435084 0
1681676964676 0.32253945754698987 0
1681676965303 0.3311184743137751 0
1681676966086 0.3371986136034188 0
1681676966705 0.3416224936379705 0
1681676967459 0.3406074926035753 0
1681676968074 0.34734319797049523 0
1681676968685 0.3491778155238934 0
1681676969449 0.3505494703203048 0
1681676970064 0.3515646834122715 0
1681676970686 0.35230164214829496 0
1681676971445 0.3528188576309839 0
1681676972058 0.35316099024595876 0
1681676972668 0.3533626161667782 0
1681676973428 0.3534508560581357 0
1681676974044 0.3534472390793072 0
1681676974654 0.35336896830133135 0
1681676975426 0.3532299886121697 0
1681676976038 0.35304132786996306 0
1681676976649 0.35281214905541547 0
1681676977408 0.35255020837453327 0
1681676978033 0.352261545144195 0
1681676978831 0.35195152475796354 0
1681676979472 0.3484491187770008 0
1681676980107 0.34814777360305954 0
1681676980877 0.35093066773393417 0
1681676981517 0.35057070818815445 0
