1681669958543 0.7 0
1681669959275 0.7 0
1681669959910 0.7 0
1681669960509 0.7 0
1681669961266 0.7 0
1681669961871 0.7 0
1681669962591 0.7 0
1681669963207 0.7 0
1681669963952 0.7 0
1681669964555 0.7 0
1681669965156 0.7 0
1681669965913 0.7 0
1681669966514 0.7 0
1681669967271 0.7 0
1681669967878 0.7 0
1681669968498 0.7 0
1681669969253 0.7 0
1681669969862 0.7 0
1681669970645 0.7 0
1681669971268 0.7 0
1681669971995 0.7 0
1681669972598 0.7 0
1681669973233 0.7 0
1681669973957 0.7 0
1681669974585 0.7 0
1681669975310 0.7 0
1681669975910 0.7 0
1681669976660 0.7 0
1681669977262 0.7 0
1681669977892 0.7 0
1681670011686 0.7 0
1681670012325 0.7 0
1681670013084 0.7 0
1681670013745 0.7 0
1681670014489 0.7 0
1681670015097 0.7 0
1681670015702 0.7 0
1681670016437 0.7 0
1681670017078 0.7 0
1681670017850 0.7 0
1681670018464 0.7 0
1681670019087 0.7 0
1681670019851 0.7 0
1681670020473 0.7 0
1681670021261 0.7 0
1681670021891 0.7 0
1681670022662 0.7 0
1681670023311 0.7 0
1681670023924 0.7 0
1681670024690 0.7 0
1681670025339 0.7 0
1681670026083 0.7 0
1681670026713 0.7 0
1681670027470 0.7 0
1681670028111 0.7 0
1681670028757 0.7 0
1681670029537 0.7 0
1681670057561 0.7 0
1681670058195 0.7 0
1681670058971 0.7 0
1681670059612 0.7 0
1681670060245 0.7 0
1681670061057 0.7 0
1681670061688 0.7 0
1681670062320 0.7 0
1681670063071 0.7 0
1681670063708 0.7 0
1681670064345 0.7 0
1681670065121 0.7 0
1681670065724 0.7 0
1681670066532 0.7 0
1681670067191 0.7 0
1681670067849 0.7 0
1681670068630 0.7 0
1681670069264 0.7 0
1681670069905 0.7 0
1681670070727 0.7 0
1681670071357 0.7 0
1681670072018 0.7 0
1681670072826 0.7 0
1681670073448 0.7 0
1681670074108 0.7 0
1681670074940 0.7 0
1681670075572 0.7 0
1681670076217 0.7 0
1681670077043 0.7 0
1681670077682 0.7 0
1681670114370 0.7 0
1681670115010 0.7 0
1681670115639 0.7 0
1681670116408 0.7 0
1681670117048 0.7 0
1681670117677 0.7 0
1681670118477 0.7 0
1681670119098 0.7 0
1681670150124 0.7 0
1681670150880 0.7 0
1681670151512 0.7 0
1681670152146 0.7 0
1681670152954 0.7 0
1681670153610 0.7 0
1681670154413 0.7 0
1681670155040 0.7 0
1681670155680 0.7 0
1681670156476 0.7 0
1681670157148 0.7 0
1681670157803 0.7 0
1681670158643 0.7 0
1681670159293 0.7 0
1681670159914 0.7 0
1681670160666 0.7 0
1681670161291 0.7 0
1681670161951 0.7 0
1681670162738 0.7 0
1681670163373 0.7 0
1681670163997 0.7 0
1681670164780 0.7 0
1681670165424 0.7 0
1681670166212 0.7 0
1681670166851 0.7 0
1681670167471 0.7 0
1681670168263 0.7 0
1681670168905 0.7 0
1681670169517 0.7 0
1681670170283 0.7 0
