1681669958560 0.0 0
1681669959291 0.0 0
1681669959925 0.0 0
1681669960524 0.0 0
1681669961282 0.0 0
1681669961887 0.0 0
1681669962606 0.0 0
1681669963224 0.0 0
1681669963967 0.0 0
1681669964570 0.0 0
1681669965171 0.0 0
1681669965929 0.0 0
1681669966529 0.0 0
1681669967287 0.0 0
1681669967893 0.0 0
1681669968513 0.0 0
1681669969268 0.0 0
1681669969878 0.0 0
1681669970661 0.0 0
1681669971283 0.0 0
1681669972010 0.0 0
1681669972613 0.0 0
1681669973249 0.0 0
1681669973972 0.0 0
1681669974601 0.0 0
1681669975325 0.0 0
1681669975926 0.0 0
1681669976675 0.0 0
1681669977277 0.0 0
1681669977907 0.0 0
1681670011706 0.0 0
1681670012342 0.0 0
1681670013103 0.0 0
1681670013763 0.0 0
1681670014506 0.0 0
1681670015114 0.0 0
1681670015719 0.0 0
1681670016454 0.0 0
1681670017096 0.0 0
1681670017867 0.0 0
1681670018481 0.0 0
1681670019104 0.0 0
1681670019868 0.0 0
1681670020490 0.0 0
1681670021279 0.0 0
1681670021908 0.0 0
1681670022680 0.0 0
1681670023329 0.0 0
1681670023942 0.0 0
1681670024708 0.0 0
1681670025358 0.0 0
1681670026101 0.0 0
1681670026731 0.0 0
1681670027487 0.0 0
1681670028130 0.0 0
1681670028774 0.0 0
1681670029555 0.0 0
1681670057576 0.0 0
1681670058212 0.0 0
1681670058986 0.0 0
1681670059628 0.0 0
1681670060261 0.0 0
1681670061074 0.0 0
1681670061703 0.0 0
1681670062335 0.0 0
1681670063087 0.0 0
1681670063729 0.0 0
1681670064360 0.0 0
1681670065136 0.0 0
1681670065741 0.0 0
1681670066548 0.0 0
1681670067207 0.0 0
1681670067865 0.0 0
1681670068645 0.0 0
1681670069280 0.0 0
1681670069922 0.0 0
1681670070744 0.0 0
1681670071374 0.0 0
1681670072034 0.0 0
1681670072842 0.0 0
1681670073464 0.0 0
1681670074124 0.0 0
1681670074956 0.0 0
1681670075588 0.0 0
1681670076233 0.0 0
1681670077060 0.0 0
1681670077698 0.0 0
1681670114389 0.0 0
1681670115030 0.0 0
1681670115658 0.0 0
1681670116427 0.0 0
1681670117067 0.0 0
1681670117696 0.0 0
1681670118495 0.0 0
1681670119116 0.0 0
1681670150143 0.0 0
1681670150898 0.0 0
1681670151530 0.0 0
1681670152321 0.0 0
1681670152972 0.0 0
1681670153629 0.0 0
1681670154431 0.0 0
1681670155059 0.0 0
1681670155699 0.0 0
1681670156496 0.0 0
1681670157167 0.0 0
1681670157822 0.0 0
1681670158663 0.0 0
1681670159311 0.0 0
1681670159932 0.0 0
1681670160685 0.0 0
1681670161310 0.0 0
1681670161970 0.0 0
1681670162758 0.0 0
1681670163391 0.0 0
1681670164015 0.0 0
1681670164801 0.0 0
1681670165442 0.0 0
1681670166230 0.0 0
1681670166869 0.0 0
1681670167489 0.0 0
1681670168281 0.0 0
1681670168923 0.0 0
1681670169534 0.0 0
1681670170301 0.0 0
