1682537279590 0.29167742203906866 0
1682537280567 0.3383275338356193 0
1682537281562 0.3632468423156333 0
1682537282521 0.3757746284118016 0
1682537283474 0.3815678563360697 0
1682537284405 0.3837945213723586 0
1682537285361 0.38412463238496897 0
1682537286285 0.38344389015905095 0
1682537287213 0.3822309982884594 0
1682537288159 0.38075078270674645 0
1682537289113 0.37915389110765585 0
1682537290089 0.37752960568328964 0
1682537291016 0.3759335784836748 0
1682537291941 0.3744016411323381 0
1682537292896 0.37295620641051025 0
1682537293836 0.37160937954070844 0
1682537294786 0.37036524035509844 0
1682537295718 0.369221792301245 0
1682537296644 0.3681730816726122 0
1682537297566 0.36721085845231016 0
1682537298489 0.366325983006745 0
1682537299418 0.36550930022825534 0
1682537300344 0.3647523676469895 0
1682537301266 0.3640475152655479 0
1682537302190 0.36338819672223904 0
1682537303116 0.3627687933647883 0
1682537304039 0.3621845088100709 0
1682537304962 0.36163140979750696 0
1682537305887 0.36110618424501173 0
1682537306813 0.3606060483279003 0
