1682537278804 2615.1971740722656 0
1682537279786 2531.2181396484375 0
1682537280766 2504.015335083008 0
1682537281753 2485.786590576172 0
1682537282703 2471.973648071289 0
1682537283659 2461.178726196289 0
1682537284612 2452.7376251220703 0
1682537285543 2446.1157989501953 0
1682537286465 2440.8897552490234 0
1682537287394 2436.742889404297 0
1682537288342 2433.435501098633 0
1682537289297 2430.781951904297 0
1682537290272 2428.635543823242 0
1682537291196 2426.8838806152344 0
1682537292133 2425.4400329589844 0
1682537293089 2424.2386016845703 0
1682537294036 2423.230239868164 0
1682537294973 2422.3768768310547 0
1682537295899 2421.6483306884766 0
1682537296823 2421.0208129882812 0
1682537297746 2420.4759368896484 0
1682537298671 2419.9987030029297 0
1682537299600 2419.5774536132812 0
1682537300524 2419.2026977539062 0
1682537301446 2418.8670501708984 0
1682537302371 2418.5645599365234 0
1682537303296 2418.2901916503906 0
1682537304220 2418.0402069091797 0
1682537305145 2417.8113861083984 0
1682537306066 2417.6005859375 0
