1682537279188 0.4076666666666667 0
1682537280164 0.44283333333333336 0
1682537281151 0.4681666666666667 0
1682537282130 0.48100000000000004 0
1682537283081 0.49016666666666664 0
1682537284025 0.48266666666666663 0
1682537284983 0.4848333333333333 0
1682537285907 0.4928333333333333 0
1682537286833 0.4923333333333333 0
1682537287759 0.4881666666666667 0
1682537288713 0.4865 0
1682537289690 0.48833333333333334 0
1682537290637 0.48333333333333334 0
1682537291562 0.47716666666666674 0
1682537292513 0.4908333333333334 0
1682537293456 0.48783333333333334 0
1682537294402 0.4808333333333334 0
1682537295338 0.5003333333333333 0
1682537296264 0.4638333333333334 0
1682537297188 0.45133333333333336 0
1682537298111 0.45616666666666666 0
1682537299035 0.45399999999999996 0
1682537299962 0.4543333333333333 0
1682537300887 0.441 0
1682537301812 0.44449999999999995 0
1682537302738 0.4431666666666667 0
1682537303661 0.4466666666666667 0
1682537304583 0.45 0
1682537305508 0.44883333333333325 0
1682537306432 0.4541666666666666 0
