1682537279569 0.42050000000000004 0
1682537280546 0.4408333333333334 0
1682537281541 0.449 0
1682537282501 0.48383333333333334 0
1682537283454 0.4945 0
1682537284384 0.48333333333333334 0
1682537285342 0.48466666666666663 0
1682537286265 0.49000000000000005 0
1682537287193 0.486 0
1682537288138 0.4963333333333333 0
1682537289093 0.48699999999999993 0
1682537290068 0.47816666666666663 0
1682537290995 0.46866666666666673 0
1682537291921 0.482 0
1682537292875 0.48100000000000004 0
1682537293816 0.48983333333333334 0
1682537294766 0.4746666666666666 0
1682537295697 0.48733333333333334 0
1682537296623 0.47616666666666657 0
1682537297546 0.4671666666666667 0
1682537298469 0.4661666666666666 0
1682537299398 0.44883333333333325 0
1682537300323 0.4491666666666667 0
1682537301246 0.4455 0
1682537302170 0.44416666666666665 0
1682537303096 0.4413333333333333 0
1682537304019 0.44316666666666665 0
1682537304942 0.455 0
1682537305867 0.4443333333333334 0
1682537306793 0.4443333333333333 0
