1682538479951 0.21850956558813583 0
1682538480525 0.2884514189219466 1
1682538481107 0.322604273259297 2
1682538481742 0.3412222197049902 3
1682538482304 0.3531316460911612 4
1682538482892 0.36172607808527896 5
1682538483461 0.36780608093394546 6
1682538484026 0.3716965274860809 7
1682538484609 0.37389178975071674 8
1682538485166 0.3748811700893846 9
1682538485723 0.37502748695750654 10
1682538486280 0.3745693130608925 11
1682538486837 0.3736658812301641 12
1682538487394 0.3724392409066143 13
1682538487949 0.37099933276204133 14
1682538488501 0.3694493307766724 15
1682538489069 0.367876051810333 16
1682538489631 0.36633872000183454 17
1682538490182 0.3648689145545344 18
1682538490757 0.36347857677949214 19
1682538491344 0.36216954400198786 20
1682538491901 0.3609394915104214 21
1682538492452 0.3597851410703342 22
1682538493004 0.3587032198021064 23
1682538493558 0.3576908700690936 24
1682538494110 0.35674519834593843 25
1682538494677 0.3558632243169209 26
1682538495232 0.35504158879639314 27
1682538495783 0.3542768823923518 28
1682538496335 0.35356540215083315 29
