1682538479562 2639.1209411621094 0
1682538480145 2544.6884002685547 1
1682538480726 2519.0 2
1682538481367 2501.114044189453 3
1682538481927 2485.740737915039 4
1682538482508 2472.985336303711 5
1682538483089 2462.922348022461 6
1682538483647 2454.9662170410156 7
1682538484227 2448.5514373779297 8
1682538484796 2443.282913208008 9
1682538485351 2438.911407470703 10
1682538485908 2435.2752380371094 11
1682538486465 2432.253662109375 12
1682538487021 2429.7454528808594 13
1682538487579 2427.654342651367 14
1682538488132 2425.889862060547 15
1682538488685 2424.3741607666016 16
1682538489260 2423.0521087646484 17
1682538489814 2421.890380859375 18
1682538490368 2420.8699340820312 19
1682538490957 2419.9776306152344 20
1682538491528 2419.200698852539 21
1682538492084 2418.524688720703 22
1682538492636 2417.935745239258 23
1682538493187 2417.4203338623047 24
1682538493740 2416.9671630859375 25
1682538494297 2416.566192626953 26
1682538494863 2416.209503173828 27
1682538495415 2415.890335083008 28
1682538495967 2415.603713989258 29
