1682538479929 0.318 0
1682538480504 0.3843333333333334 1
1682538481086 0.4085000000000001 2
1682538481719 0.395 3
1682538482284 0.4038333333333333 4
1682538482872 0.4058333333333333 5
1682538483441 0.43716666666666665 6
1682538484005 0.38633333333333336 7
1682538484589 0.3996666666666666 8
1682538485147 0.4098333333333333 9
1682538485703 0.4041666666666666 10
1682538486260 0.41450000000000004 11
1682538486817 0.44049999999999995 12
1682538487374 0.46950000000000003 13
1682538487929 0.4875 14
1682538488482 0.47516666666666657 15
1682538489049 0.48583333333333334 16
1682538489611 0.48649999999999993 17
1682538490162 0.4808333333333333 18
1682538490736 0.4805 19
1682538491324 0.47716666666666674 20
1682538491881 0.4809999999999999 21
1682538492432 0.48383333333333334 22
1682538492985 0.48699999999999993 23
1682538493538 0.48666666666666675 24
1682538494090 0.48433333333333334 25
1682538494658 0.4881666666666667 26
1682538495212 0.49700000000000005 27
1682538495764 0.49100000000000005 28
1682538496315 0.48383333333333334 29
