1682043826208 78.88241153293185 1
1682043826855 79.6336407131619 2
1682043827441 79.90768093532986 3
1682043828001 80.02459462483723 4
1682043828606 80.11148240831163 5
1682043829243 80.1129379272461 6
1682043829858 80.11331346299913 7
1682043830453 80.11343383789062 8
1682043831051 80.11346944173177 9
1682043831637 80.11348470052083 10
1682043832232 80.11349317762587 11
1682043832823 80.11349487304688 12
1682043833482 80.1135025024414 13
1682043834102 80.11350335015192 14
1682043834675 80.1135016547309 15
