1682049508431 0.0 0
1682049508474 -0.9992837905883789 1
1682049508515 -1.8251923322677612 2
1682049508557 -2.646716356277466 3
1682049508599 -3.5164904594421387 4
1682049508640 -4.295581817626953 5
1682049508680 -4.972057342529297 6
1682049508722 -5.56337833404541 7
1682049508764 -6.084733963012695 8
1682049508804 -6.547569751739502 9
1682049508846 -6.9606404304504395 10
1682049508899 -7.3308281898498535 11
1682049508945 -7.663675785064697 12
1682049508987 -7.963737487792969 13
1682049509030 -8.234817504882812 14
1682049509074 -8.480137825012207 15
1682049509118 -8.702459335327148 16
1682049509162 -8.904170036315918 17
1682049509207 -9.087352752685547 18
1682049509249 -9.253836631774902 19
1682049509292 -9.405238151550293 20
1682049509333 -9.54299259185791 21
1682049509373 -9.668379783630371 22
1682049509415 -9.782546043395996 23
1682049509458 -9.886520385742188 24
1682049509500 -9.981229782104492 25
1682049509541 -10.067510604858398 26
1682049509581 -10.146119117736816 27
1682049509622 -10.217741012573242 28
1682049509664 -10.282997131347656 29
1682049509706 -10.342453002929688 30
1682049509747 -10.396621704101562 31
1682049509787 -10.445969581604004 32
1682049509827 -10.490922927856445 33
1682049509869 -10.531868934631348 34
1682049509911 -10.569161415100098 35
1682049509952 -10.603121757507324 36
1682049509993 -10.63404369354248 37
1682049510033 -10.662196159362793 38
1682049510075 -10.687823295593262 39
1682049510115 -10.711148262023926 40
1682049510155 -10.732375144958496 41
1682049510194 -10.751689910888672 42
1682049510235 -10.769262313842773 43
1682049510275 -10.785246849060059 44
1682049510316 -10.799784660339355 45
1682049510355 -10.813004493713379 46
1682049510396 -10.825024604797363 47
1682049510440 -10.835952758789062 48
1682049510480 -10.845885276794434 49
1682049510512 -10.854912757873535 49
