1682049508433 0.0 0
1682049508476 0.9997025728225708 1
1682049508518 1.750901699066162 2
1682049508559 2.471698045730591 3
1682049508601 3.290804386138916 4
1682049508642 4.136441230773926 5
1682049508683 4.92708683013916 6
1682049508724 5.641620635986328 7
1682049508766 6.282081604003906 8
1682049508807 6.855867385864258 9
1682049508848 7.370802879333496 10
1682049508901 7.833950042724609 11
1682049508947 8.251422882080078 12
1682049508990 8.628458976745605 13
1682049509032 8.969549179077148 14
1682049509076 9.278562545776367 15
1682049509121 9.558854103088379 16
1682049509164 9.813348770141602 17
1682049509210 10.044614791870117 18
1682049509252 10.25491714477539 19
1682049509295 10.446263313293457 20
1682049509335 10.620443344116211 21
1682049509376 10.779054641723633 22
1682049509417 10.923531532287598 23
1682049509461 11.05516242980957 24
1682049509503 11.17510986328125 25
1682049509543 11.284423828125 26
1682049509583 11.384055137634277 27
1682049509625 11.474864959716797 28
1682049509666 11.557636260986328 29
1682049509708 11.633079528808594 30
1682049509749 11.701842308044434 31
1682049509790 11.76451301574707 32
1682049509829 11.821627616882324 33
1682049509872 11.873675346374512 34
1682049509913 11.921101570129395 35
1682049509954 11.964313507080078 36
1682049509996 12.003681182861328 37
1682049510036 12.039542198181152 38
1682049510077 12.0722074508667 39
1682049510117 12.101958274841309 40
1682049510157 12.12905216217041 41
1682049510197 12.153724670410156 42
1682049510237 12.176190376281738 43
1682049510278 12.19664478302002 44
1682049510318 12.215266227722168 45
1682049510358 12.232218742370605 46
1682049510399 12.247650146484375 47
1682049510442 12.261696815490723 48
1682049510482 12.274482727050781 49
1682049510514 12.286121368408203 49
