1682049508408 97.08769226074219 0
1682049508453 97.09293365478516 1
1682049508495 97.12189483642578 2
1682049508537 97.18170928955078 3
1682049508578 97.23697662353516 4
1682049508621 97.26545715332031 5
1682049508661 97.27729797363281 6
1682049508702 97.2821044921875 7
1682049508743 97.28414154052734 8
1682049508785 97.28506469726562 9
1682049508825 97.28551483154297 10
1682049508867 97.2857437133789 11
1682049508922 97.2858657836914 12
1682049508967 97.28594207763672 13
1682049509008 97.28598022460938 14
1682049509052 97.2860107421875 15
1682049509096 97.28602600097656 16
1682049509140 97.28604125976562 17
1682049509187 97.28604888916016 18
1682049509229 97.28605651855469 19
1682049509272 97.28605651855469 20
1682049509313 97.28606414794922 21
1682049509354 97.28606414794922 22
1682049509395 97.28606414794922 23
1682049509437 97.28606414794922 24
1682049509481 97.28606414794922 25
1682049509521 97.28607177734375 26
1682049509561 97.28607177734375 27
1682049509602 97.28607177734375 28
1682049509643 97.28607177734375 29
1682049509685 97.28607177734375 30
1682049509726 97.28607177734375 31
1682049509767 97.28607177734375 32
1682049509808 97.28607177734375 33
1682049509848 97.28607177734375 34
1682049509891 97.28607177734375 35
1682049509932 97.28607177734375 36
1682049509973 97.28607177734375 37
1682049510014 97.28607177734375 38
1682049510055 97.28607177734375 39
1682049510096 97.28607177734375 40
1682049510136 97.28607177734375 41
1682049510175 97.28607177734375 42
1682049510215 97.28607177734375 43
1682049510255 97.28607177734375 44
1682049510297 97.28607177734375 45
1682049510336 97.28607177734375 46
1682049510376 97.28607177734375 47
1682049510419 97.28607177734375 48
1682049510460 97.28607177734375 49
1682049510493 97.28607177734375 49
