1682049508411 0.0 0
1682049508456 0.9999581575393677 1
1682049508499 1.7944879531860352 2
1682049508540 2.5687222480773926 3
1682049508582 3.4284250736236572 4
1682049508624 4.248124122619629 5
1682049508664 4.9757843017578125 6
1682049508705 5.61596155166626 7
1682049508747 6.181511878967285 8
1682049508788 6.683926105499268 9
1682049508828 7.13244104385376 10
1682049508881 7.534440517425537 11
1682049508926 7.895911693572998 12
1682049508970 8.221787452697754 13
1682049509012 8.516194343566895 14
1682049509056 8.78262710571289 15
1682049509099 9.024084091186523 16
1682049509144 9.243157386779785 17
1682049509190 9.442108154296875 18
1682049509233 9.622922897338867 19
1682049509275 9.78735637664795 20
1682049509316 9.936969757080078 21
1682049509357 10.073152542114258 22
1682049509398 10.197147369384766 23
1682049509440 10.310072898864746 24
1682049509484 10.412936210632324 25
1682049509525 10.506646156311035 26
1682049509565 10.592022895812988 27
1682049509605 10.66981029510498 28
1682049509647 10.74068546295166 29
1682049509689 10.80526065826416 30
1682049509730 10.864093780517578 31
1682049509771 10.917692184448242 32
1682049509811 10.96651840209961 33
1682049509851 11.010993957519531 34
1682049509894 11.051502227783203 35
1682049509935 11.08839225769043 36
1682049509977 11.121981620788574 37
1682049510017 11.15256118774414 38
1682049510058 11.180397987365723 39
1682049510099 11.205734252929688 40
1682049510139 11.228792190551758 41
1682049510178 11.249773979187012 42
1682049510219 11.268861770629883 43
1682049510258 11.286224365234375 44
1682049510300 11.30201530456543 45
1682049510339 11.316376686096191 46
1682049510379 11.32943344116211 47
1682049510422 11.341302871704102 48
1682049510464 11.352091789245605 49
1682049510496 11.361898422241211 49
