1682049479673 78.88241153293185 1
1682049480264 79.6336407131619 2
1682049480855 79.90768093532986 3
1682049481390 80.02459462483723 4
1682049481939 80.11148240831163 5
1682049482494 80.1129379272461 6
1682049483032 80.11331346299913 7
1682049483680 80.11343383789062 8
1682049484262 80.11346944173177 9
1682049484827 80.11348470052083 10
1682049485392 80.11349317762587 11
1682049485969 80.11349487304688 12
1682049486530 80.1135025024414 13
1682049487113 80.11350335015192 14
1682049487697 80.1135016547309 15
1682049488904 80.11349995930989 17
