1682049500311 78.88241153293185 1
1682049500845 79.6336407131619 2
1682049501380 79.90768093532986 3
1682049501914 80.02459462483723 4
1682049502449 80.11148240831163 5
1682049502983 80.1129379272461 6
1682049503516 80.11331346299913 7
1682049504052 80.11343383789062 8
1682049504583 80.11346944173177 9
1682049505115 80.11348470052083 10
1682049505646 80.11349317762587 11
1682049506191 80.11349487304688 12
1682049506731 80.1135025024414 13
1682049507274 80.11350335015192 14
1682049507849 80.1135016547309 15
1682049511076 80.11349995930989 16
