1682049789849 0.0 0
1682049789892 0.9997267127037048 1
1682049789934 1.7842029333114624 2
1682049790482 2.4671950340270996 3
1682049790531 3.2242419719696045 4
1682049790577 4.065028667449951 5
1682049790620 4.922308921813965 6
1682049790661 5.739652633666992 7
1682049790707 6.493028163909912 8
1682049790748 7.177733421325684 9
1682049790789 7.796916961669922 10
1682049790829 8.356199264526367 11
1682049790869 8.861578941345215 12
1682049790909 9.31869888305664 13
1682049790950 9.732635498046875 14
1682049790992 10.107881546020508 15
1682049791049 10.448394775390625 16
1682049791091 10.757658958435059 17
1682049791133 11.038752555847168 18
1682049791173 11.294403076171875 19
1682049791213 11.527033805847168 20
1682049791253 11.738809585571289 21
1682049791305 11.931666374206543 22
1682049791354 12.107341766357422 23
1682049791400 12.267399787902832 24
1682049791451 12.413251876831055 25
1682049791520 12.546174049377441 26
1682049791567 12.667320251464844 27
1682049791612 12.777738571166992 28
1682049791657 12.878378868103027 29
1682049791725 12.97010612487793 30
1682049791764 13.053707122802734 31
1682049791805 13.129897117614746 32
1682049791843 13.199329376220703 33
1682049791947 13.262598037719727 34
1682049791989 13.320244789123535 35
1682049792029 13.372764587402344 36
1682049792069 13.420607566833496 37
1682049792108 13.46418571472168 38
1682049792148 13.503874778747559 39
1682049792187 13.540018081665039 40
1682049792227 13.572930335998535 41
1682049792266 13.602896690368652 42
1682049792306 13.63017749786377 43
1682049792346 13.655011177062988 44
1682049792386 13.67761516571045 45
1682049792426 13.698188781738281 46
1682049792465 13.716911315917969 47
1682049792504 13.733949661254883 48
1682049792546 13.7494535446167 49
1682049792585 13.763562202453613 49
