1682049789841 0.0 0
1682049789884 0.999981701374054 1
1682049789927 1.8677854537963867 2
1682049790474 2.7335197925567627 3
1682049790524 3.6464524269104004 4
1682049790569 4.5039849281311035 5
1682049790613 5.263975143432617 6
1682049790654 5.9323272705078125 7
1682049790700 6.522644996643066 8
1682049790741 7.047007083892822 9
1682049790781 7.515092372894287 10
1682049790822 7.934621810913086 11
1682049790862 8.311849594116211 12
1682049790902 8.651927947998047 13
1682049790943 8.959163665771484 14
1682049790985 9.237204551696777 15
1682049791041 9.489181518554688 16
1682049791084 9.717798233032227 17
1682049791125 9.9254150390625 18
1682049791166 10.114106178283691 19
1682049791206 10.285700798034668 20
1682049791247 10.4418306350708 21
1682049791295 10.583944320678711 22
1682049791346 10.713338851928711 23
1682049791393 10.831181526184082 24
1682049791442 10.938523292541504 25
1682049791508 11.0363130569458 26
1682049791558 11.125407218933105 27
1682049791604 11.20658016204834 28
1682049791649 11.280540466308594 29
1682049791717 11.347926139831543 30
1682049791757 11.409321784973145 31
1682049791798 11.465253829956055 32
1682049791837 11.516206741333008 33
1682049791922 11.5626220703125 34
1682049791982 11.604898452758789 35
1682049792022 11.643400192260742 36
1682049792062 11.67845630645752 37
1682049792101 11.710369110107422 38
1682049792141 11.739419937133789 39
1682049792180 11.765861511230469 40
1682049792220 11.789926528930664 41
1682049792259 11.811824798583984 42
1682049792299 11.831746101379395 43
1682049792339 11.849865913391113 44
1682049792379 11.866345405578613 45
1682049792419 11.881333351135254 46
1682049792458 11.89495849609375 47
1682049792497 11.907344818115234 48
1682049792538 11.91860294342041 49
1682049792576 11.928836822509766 49
