1682049789844 0.0 0
1682049789887 0.9999576210975647 1
1682049789929 1.9841535091400146 2
1682049790477 2.9487810134887695 3
1682049790526 3.784308910369873 4
1682049790572 4.495020389556885 5
1682049790615 5.107698917388916 6
1682049790656 5.642846584320068 7
1682049790703 6.114526748657227 8
1682049790743 6.533271312713623 9
1682049790784 6.907051086425781 10
1682049790824 7.242048263549805 11
1682049790865 7.543255805969238 12
1682049790905 7.814802169799805 13
1682049790945 8.06011962890625 14
1682049790987 8.282096862792969 15
1682049791044 8.483278274536133 16
1682049791087 8.66578197479248 17
1682049791128 8.831512451171875 18
1682049791168 8.982123374938965 19
1682049791209 9.119050979614258 20
1682049791249 9.243657112121582 21
1682049791299 9.35707950592041 22
1682049791349 9.460333824157715 23
1682049791395 9.55435848236084 24
1682049791445 9.639995574951172 25
1682049791511 9.718019485473633 26
1682049791561 9.789093017578125 27
1682049791606 9.8538236618042 28
1682049791651 9.912811279296875 29
1682049791720 9.966548919677734 30
1682049791759 10.015543937683105 31
1682049791800 10.060178756713867 32
1682049791839 10.100861549377441 33
1682049791942 10.137981414794922 34
1682049791984 10.171833038330078 35
1682049792025 10.2027006149292 36
1682049792064 10.2307767868042 37
1682049792103 10.256300926208496 38
1682049792143 10.27954387664795 39
1682049792182 10.30069637298584 40
1682049792222 10.319972038269043 41
1682049792262 10.337532043457031 42
1682049792301 10.35349178314209 43
1682049792341 10.3679838180542 44
1682049792381 10.381158828735352 45
1682049792421 10.393166542053223 46
1682049792460 10.404052734375 47
1682049792500 10.413935661315918 48
1682049792541 10.422917366027832 49
1682049792579 10.431105613708496 49
