1682049760202 78.88241153293185 1
1682049760736 79.6336407131619 2
1682049761273 79.90768093532986 3
1682049761808 80.02459462483723 4
1682049762373 80.11148240831163 5
1682049762955 80.1129379272461 6
1682049763521 80.11331346299913 7
1682049764102 80.11343383789062 8
1682049764643 80.11346944173177 9
1682049765201 80.11348470052083 10
1682049765767 80.11349317762587 11
1682049766300 80.11349487304688 12
1682049766836 80.1135025024414 13
1682049767368 80.11350335015192 14
1682049767901 80.1135016547309 15
1682049769052 80.11531999376085 17
