1682049780630 78.88241153293185 1
1682049781295 79.6336407131619 2
1682049781896 79.90768093532986 3
1682049782540 80.02459462483723 4
1682049783262 80.11148240831163 5
1682049783895 80.1129379272461 6
1682049784512 80.11331346299913 7
1682049785119 80.11343383789062 8
1682049785711 80.11346944173177 9
1682049786289 80.11348470052083 10
1682049786866 80.11349317762587 11
1682049787455 80.11349487304688 12
1682049788038 80.1135025024414 13
1682049788629 80.11350335015192 14
1682049789180 80.1135016547309 15
1682049793207 80.11349995930989 16
