1682007824280 94.55722384982639 0
1682007824284 95.93225691053603 1
1682007824287 96.68949890136719 2
1682007824289 96.95340643988715 3
1682007824291 97.03559282090929 4
1682007824300 97.15736304389105 5
1682007824303 97.15994771321614 6
1682007824305 97.160157945421 7
1682007824308 97.16020796034071 8
1682007824316 97.16022152370877 9
1682007824318 97.16023084852431 10
1682007824321 97.16022406684027 11
1682007824323 97.16022491455078 12
1682007824326 97.16023084852431 13
1682007824329 97.16022660997179 14
1682007824331 97.1602316962348 15
1682007824333 97.1602300008138 16
1682007824336 97.16023339165582 17
1682007824339 97.16023254394531 18
1682007824341 97.1602300008138 19
