1682047704281 0.0 0
1682047704325 0.009996253997087479 1
1682047704368 0.02000151202082634 2
1682047704411 0.03002181090414524 3
1682047704454 0.04006323590874672 4
1682047704496 0.050131894648075104 5
1682047704539 0.06023389846086502 6
1682047704582 0.07037536054849625 7
1682047704624 0.08056236058473587 8
1682047704667 0.09080091863870621 9
1682047704709 0.1010969877243042 10
1682047704752 0.11145643144845963 11
1682047704792 0.12188500165939331 12
1682047704833 0.13238832354545593 13
1682047704875 0.14297185838222504 14
1682047704914 0.15364091098308563 15
1682047704955 0.16440057754516602 16
1682047704996 0.17525577545166016 17
1682047705037 0.18621116876602173 18
1682047705077 0.1972711980342865 19
1682047705118 0.20844005048274994 20
1682047705159 0.21972164511680603 21
1682047705201 0.23111960291862488 22
1682047705242 0.2426372915506363 23
1682047705283 0.2542777359485626 24
1682047705324 0.26604369282722473 25
1682047705365 0.2779375910758972 26
1682047705405 0.289961576461792 27
1682047705447 0.3021174669265747 28
1682047705487 0.31440675258636475 29
1682047705528 0.3268306851387024 30
1682047705570 0.3393901586532593 31
1682047705611 0.3520858585834503 32
1682047705653 0.36491814255714417 33
1682047705694 0.37788715958595276 34
1682047705734 0.3909928500652313 35
1682047705775 0.404234915971756 36
1682047705817 0.41761288046836853 37
1682047705858 0.4311261475086212 38
1682047705899 0.44477394223213196 39
1682047705939 0.4585554003715515 40
1682047705980 0.4724695682525635 41
1682047706021 0.48651546239852905 42
1682047706062 0.5006920695304871 43
1682047706103 0.5149983167648315 44
1682047706144 0.5294332504272461 45
1682047706186 0.5439959764480591 46
1682047706227 0.5586857795715332 47
1682047706269 0.5735020041465759 48
1682047706309 0.5884444117546082 49
1682047706343 0.6035129427909851 49
