1682047675903 78.88241153293185 1
1682047676450 79.6336407131619 2
1682047676994 79.90768093532986 3
1682047677544 80.02459462483723 4
1682047678089 80.11148240831163 5
1682047678633 80.1129379272461 6
1682047679182 80.11331346299913 7
1682047679728 80.11343383789062 8
1682047680274 80.11346944173177 9
1682047680819 80.11348470052083 10
1682047681362 80.11349317762587 11
1682047681912 80.11349487304688 12
1682047682457 80.1135025024414 13
1682047683003 80.11350335015192 14
1682047683549 80.1135016547309 15
1682047684730 80.11349995930989 16
