1682047695940 78.88241153293185 1
1682047696488 79.6336407131619 2
1682047697033 79.90768093532986 3
1682047697586 80.02459462483723 4
1682047698142 80.11148240831163 5
1682047698700 80.1129379272461 6
1682047699255 80.11331346299913 7
1682047699815 80.11343383789062 8
1682047700373 80.11346944173177 9
1682047700930 80.11348470052083 10
1682047701486 80.11349317762587 11
1682047702044 80.11349487304688 12
1682047702600 80.1135025024414 13
1682047703154 80.11350335015192 14
1682047703706 80.1135016547309 15
1682047706896 80.11349995930989 16
