1682039088280 114.14633178710938 0
1682039088299 114.151611328125 1
1682039088318 114.14707946777344 2
1682039088336 114.14593505859375 3
1682039088355 114.14579772949219 4
1682039088374 114.14592742919922 5
1682039088392 114.14635467529297 6
1682039088411 114.14708709716797 7
1682039088429 114.14756774902344 8
1682039088447 114.14741516113281 9
1682039088466 114.1469497680664 10
1682039088484 114.14652252197266 11
1682039088503 114.14623260498047 12
1682039088521 114.14608764648438 13
1682039088540 114.14608001708984 14
1682039088558 114.14617919921875 15
1682039088577 114.1463851928711 16
1682039088596 114.1466293334961 17
1682039088614 114.14678955078125 18
1682039088632 114.14679718017578 19
1682039088651 114.14669036865234 20
1682039088669 114.14654541015625 21
1682039088687 114.14642333984375 22
1682039088708 114.1463394165039 23
1682039088726 114.14631652832031 24
1682039088744 114.1463394165039 25
1682039088763 114.14639282226562 26
1682039088781 114.14645385742188 27
1682039088799 114.14649963378906 28
1682039088818 114.14653015136719 29
1682039088836 114.14652252197266 30
1682039088854 114.14651489257812 31
1682039088872 114.14649200439453 32
1682039088891 114.14647674560547 33
1682039088909 114.1464614868164 34
1682039088927 114.14644622802734 35
1682039088945 114.14642333984375 36
1682039088963 114.14642333984375 37
1682039088982 114.14642333984375 38
1682039089000 114.14644622802734 39
1682039089018 114.14647674560547 40
1682039089036 114.1465072631836 41
1682039089054 114.14651489257812 42
1682039089072 114.1465072631836 43
1682039089090 114.14647674560547 44
1682039089109 114.14644622802734 45
1682039089127 114.14642333984375 46
1682039089145 114.14642333984375 47
1682039089164 114.14643859863281 48
1682039089182 114.14646911621094 49
