1681687397066 0.1471960855309761 0
1681687397242 0.2037901786434257 0
1681687397417 0.23136397466351555 0
1681687397594 0.24781045673607766 0
1681687397793 0.25885309256536254 0
1681687397980 0.2669530558080924 0
1681687398169 0.2733430901698937 0
1681687398360 0.278656947971784 0
1681687398552 0.28322375893486784 0
1681687398745 0.287224806934974 0
1681687398940 0.2907706197386399 0
1681687399123 0.2939366043301478 0
1681687399303 0.2967792453488456 0
1681687399493 0.2993434988885765 0
1681687399683 0.3016665412323134 0
1681687399874 0.3037796576215748 0
1681687400065 0.3057095894089711 0
1681687400250 0.3074791563166292 0
1681687400433 0.30910804649588497 0
1681687400621 0.31061311558394533 0
1681687400806 0.31200894671123036 0
1681687400986 0.3133081692079985 0
1681687401164 0.31452161323867545 0
1681687401342 0.3156586453434286 0
1681687401520 0.3167274200250928 0
1681687401697 0.3177347376381614 0
1681687401877 0.31868663837645034 0
1681687402054 0.3195884554317671 0
1681687402235 0.3204443165705364 0
1681687402415 0.3212582914278299 0
1681687402593 0.3220335076051616 0
1681687402772 0.32277279649903234 0
1681687402952 0.32347853709483376 0
1681687403130 0.32415278389350366 0
1681687403308 0.32479730646315014 0
1681687403489 0.3254136362691912 0
1681687403683 0.326003108197064 0
1681687403864 0.32656689627934676 0
1681687404042 0.32710634141108985 0
1681687404220 0.327621482318381 0
1681687404407 0.3281140736514374 0
1681687404594 0.3285846038712583 0
1681687404772 0.3290338436099641 0
1681687404952 0.32946239349149953 0
1681687405131 0.32987104376777854 0
1681687405308 0.33026111420296717 0
1681687405487 0.3306309642152172 0
1681687405672 0.3309842771572095 0
1681687405854 0.33131858675625614 0
1681687406046 0.331637814556679 0
1681687406236 0.33193861181323536 0
1681687406422 0.3322246973858164 0
1681687406607 0.3324955998524577 0
1681687406796 0.3327517602576096 0
1681687406976 0.3329938398187053 0
1681687407159 0.33322358572679933 0
1681687407346 0.3334374816513951 0
1681687407533 0.333640032844301 0
1681687407716 0.33383040433104966 0
1681687407918 0.3340090060153845 0
1681687408103 0.33417888600884216 0
1681687429995 0.19830067059240444 0
1681687430168 0.23811233960925013 0
1681687430346 0.27433607671339355 0
1681687430529 0.30216928123565323 0
1681687430712 0.3198825789150118 0
1681687430894 0.33105600711302796 0
1681687431082 0.3384320212930504 0
1681687431264 0.34351610805347976 0
1681687431442 0.34713517887196815 0
1681687431621 0.34976855336709817 0
1681687431805 0.3517101641682935 0
1681687431995 0.3531494231009543 0
1681687432181 0.35421362326776695 0
1681687432361 0.3549913779451273 0
1681687432542 0.35554631453926444 0
1681687432720 0.35592527162712073 0
1681687432902 0.3561635278607529 0
1681687433080 0.356288168566569 0
1681687433268 0.356320374047607 0
1681687433452 0.3562768501811582 0
1681687433631 0.35617110450542266 0
1681687433811 0.3560139674691212 0
1681687433988 0.35581447594130633 0
1681687434167 0.35558001003946504 0
1681687434346 0.3553167175582146 0
1681687434524 0.35502972406105227 0
1681687434716 0.3547234615213565 0
1681687434901 0.35440126393883525 0
1681687435097 0.35406653228417206 0
1681687435278 0.3537217597430936 0
