1681687397034 2624.5264282226562 0
1681687397218 2505.228042602539 0
1681687397394 2459.739517211914 0
1681687397570 2431.0377197265625 0
1681687397752 2410.0692291259766 0
1681687397956 2393.6331634521484 0
1681687398141 2380.3590393066406 0
1681687398336 2369.490249633789 0
1681687398528 2360.4705963134766 0
1681687398720 2352.8715209960938 0
1681687398913 2346.37060546875 0
1681687399100 2340.731231689453 0
1681687399279 2335.7774353027344 0
1681687399468 2331.3787536621094 0
1681687399658 2327.4356536865234 0
1681687399850 2323.871292114258 0
1681687400039 2320.6255798339844 0
1681687400225 2317.651397705078 0
1681687400409 2314.9098510742188 0
1681687400596 2312.3700408935547 0
1681687400782 2310.006820678711 0
1681687400962 2307.798782348633 0
1681687401140 2305.7281036376953 0
1681687401319 2303.779983520508 0
1681687401496 2301.9422912597656 0
1681687401674 2300.203323364258 0
1681687401854 2298.554718017578 0
1681687402031 2296.9876556396484 0
1681687402211 2295.4954833984375 0
1681687402390 2294.0723571777344 0
1681687402569 2292.712432861328 0
1681687402748 2291.4112396240234 0
1681687402928 2290.164337158203 0
1681687403107 2288.9681243896484 0
1681687403284 2287.8194427490234 0
1681687403464 2286.7146911621094 0
1681687403658 2285.6517028808594 0
1681687403840 2284.6275482177734 0
1681687404018 2283.640380859375 0
1681687404196 2282.687759399414 0
1681687404382 2281.7679138183594 0
1681687404571 2280.879608154297 0
1681687404748 2280.0203399658203 0
1681687404928 2279.1893005371094 0
1681687405107 2278.384780883789 0
1681687405285 2277.605438232422 0
1681687405463 2276.8504791259766 0
1681687405648 2276.118637084961 0
1681687405829 2275.4089965820312 0
1681687406022 2274.7201385498047 0
1681687406211 2274.051483154297 0
1681687406397 2273.402084350586 0
1681687406583 2272.7713775634766 0
1681687406772 2272.1585083007812 0
1681687406953 2271.5624237060547 0
1681687407135 2270.9828338623047 0
1681687407320 2270.419204711914 0
1681687407508 2269.8704833984375 0
1681687407692 2269.3362884521484 0
1681687407889 2268.8164672851562 0
1681687408080 2268.310043334961 0
1681687429969 2638.8524322509766 0
1681687430145 2519.6193084716797 0
1681687430321 2474.526565551758 0
1681687430503 2439.0550689697266 0
1681687430688 2412.690139770508 0
1681687430870 2393.7971954345703 0
1681687431057 2379.708267211914 0
1681687431240 2368.691452026367 0
1681687431419 2359.749053955078 0
1681687431597 2352.281951904297 0
1681687431781 2345.909408569336 0
1681687431971 2340.3770446777344 0
1681687432156 2335.5062103271484 0
1681687432338 2331.168701171875 0
1681687432518 2327.268081665039 0
1681687432697 2323.7317657470703 0
1681687432879 2320.5026092529297 0
1681687433056 2317.535614013672 0
1681687433244 2314.7950134277344 0
1681687433427 2312.2514038085938 0
1681687433607 2309.8800354003906 0
1681687433787 2307.661834716797 0
1681687433965 2305.5795288085938 0
1681687434144 2303.618453979492 0
1681687434322 2301.7669372558594 0
1681687434501 2300.014389038086 0
1681687434691 2298.352081298828 0
1681687434876 2296.7718048095703 0
1681687435073 2295.2669677734375 0
1681687435255 2293.8311920166016 0
