1682049508425 0.0 0
1682049508469 0.9996254444122314 1
1682049508511 1.751137375831604 2
1682049508552 2.471027374267578 3
1682049508594 3.283921718597412 4
1682049508635 4.14475154876709 5
1682049508676 4.976808071136475 6
1682049508717 5.7450456619262695 7
1682049508759 6.44176721572876 8
1682049508800 7.0699357986450195 9
1682049508841 7.635691165924072 10
1682049508894 8.14561653137207 11
1682049508939 8.605849266052246 12
1682049508983 9.0218505859375 13
1682049509024 9.398402214050293 14
1682049509069 9.739675521850586 15
1682049509113 10.049314498901367 16
1682049509157 10.330513954162598 17
1682049509203 10.586087226867676 18
1682049509245 10.818521499633789 19
1682049509288 11.030025482177734 20
1682049509328 11.222569465637207 21
1682049509369 11.39791488647461 22
1682049509410 11.557642936706543 23
1682049509453 11.70317554473877 24
1682049509496 11.835795402526855 25
1682049509536 11.95666217803955 26
1682049509576 12.066825866699219 27
1682049509617 12.167237281799316 28
1682049509659 12.25876235961914 29
1682049509701 12.342185974121094 30
1682049509742 12.418222427368164 31
1682049509782 12.487523078918457 32
1682049509823 12.550680160522461 33
1682049509864 12.608235359191895 34
1682049509906 12.660679817199707 35
1682049509947 12.708464622497559 36
1682049509988 12.751996994018555 37
1682049510029 12.79165267944336 38
1682049510070 12.827773094177246 39
1682049510110 12.860671043395996 40
1682049510150 12.890630722045898 41
1682049510190 12.917912483215332 42
1682049510230 12.942752838134766 43
1682049510270 12.965368270874023 44
1682049510311 12.985957145690918 45
1682049510351 13.004700660705566 46
1682049510392 13.021761894226074 47
1682049510435 13.037291526794434 48
1682049510475 13.051426887512207 49
1682049510507 13.064292907714844 49
