1682049508436 0.0 0
1682049508479 -0.9990566372871399 1
1682049508520 -1.8107026815414429 2
1682049508561 -2.614384889602661 3
1682049508604 -3.482076406478882 4
1682049508645 -4.268632888793945 5
1682049508685 -4.952740669250488 6
1682049508727 -5.550827980041504 7
1682049508768 -6.078155040740967 8
1682049508809 -6.546291828155518 9
1682049508850 -6.9640936851501465 10
1682049508904 -7.338521480560303 11
1682049508949 -7.6751813888549805 12
1682049508992 -7.97868013381958 13
1682049509034 -8.252864837646484 14
1682049509079 -8.500995635986328 15
1682049509123 -8.725863456726074 16
1682049509167 -8.929884910583496 17
1682049509212 -9.115165710449219 18
1682049509255 -9.28355598449707 19
1682049509297 -9.436691284179688 20
1682049509337 -9.57602310180664 21
1682049509378 -9.70284652709961 22
1682049509420 -9.818320274353027 23
1682049509464 -9.92348575592041 24
1682049509505 -10.019280433654785 25
1682049509545 -10.106549263000488 26
1682049509585 -10.186058044433594 27
1682049509627 -10.258500099182129 28
1682049509668 -10.324503898620605 29
1682049509710 -10.38464069366455 30
1682049509751 -10.43942928314209 31
1682049509792 -10.48934268951416 32
1682049509831 -10.534811019897461 33
1682049509874 -10.576226234436035 34
1682049509915 -10.613945960998535 35
1682049509957 -10.648295402526855 36
1682049509998 -10.679572105407715 37
1682049510038 -10.708046913146973 38
1682049510079 -10.733967781066895 39
1682049510120 -10.757559776306152 40
1682049510159 -10.779029846191406 41
1682049510199 -10.798565864562988 42
1682049510239 -10.816339492797852 43
1682049510280 -10.832507133483887 44
1682049510320 -10.847211837768555 45
1682049510360 -10.860583305358887 46
1682049510401 -10.87274169921875 47
1682049510444 -10.883794784545898 48
1682049510484 -10.893841743469238 49
1682049510516 -10.902972221374512 49
