1682049508414 0.0 0
1682049508458 0.999981701374054 1
1682049508501 1.8677854537963867 2
1682049508543 2.7335197925567627 3
1682049508584 3.6464524269104004 4
1682049508626 4.5039849281311035 5
1682049508666 5.263975143432617 6
1682049508707 5.9323272705078125 7
1682049508749 6.522644996643066 8
1682049508790 7.047007083892822 9
1682049508831 7.515092372894287 10
1682049508884 7.934621810913086 11
1682049508928 8.311849594116211 12
1682049508973 8.651927947998047 13
1682049509014 8.959163665771484 14
1682049509059 9.237204551696777 15
1682049509102 9.489181518554688 16
1682049509147 9.717798233032227 17
1682049509193 9.9254150390625 18
1682049509235 10.114106178283691 19
1682049509278 10.285700798034668 20
1682049509319 10.4418306350708 21
1682049509359 10.583944320678711 22
1682049509401 10.713338851928711 23
1682049509443 10.831181526184082 24
1682049509487 10.938523292541504 25
1682049509527 11.0363130569458 26
1682049509567 11.125407218933105 27
1682049509607 11.20658016204834 28
1682049509649 11.280540466308594 29
1682049509691 11.347926139831543 30
1682049509732 11.409321784973145 31
1682049509773 11.465253829956055 32
1682049509814 11.516206741333008 33
1682049509854 11.5626220703125 34
1682049509897 11.604898452758789 35
1682049509938 11.643400192260742 36
1682049509979 11.67845630645752 37
1682049510019 11.710369110107422 38
1682049510060 11.739419937133789 39
1682049510101 11.765861511230469 40
1682049510141 11.789926528930664 41
1682049510181 11.811824798583984 42
1682049510221 11.831746101379395 43
1682049510261 11.849865913391113 44
1682049510302 11.866345405578613 45
1682049510342 11.881333351135254 46
1682049510382 11.89495849609375 47
1682049510425 11.907344818115234 48
1682049510466 11.91860294342041 49
1682049510499 11.928836822509766 49
