1681691874873 0.30860181726255287 0
1681691875047 0.3480879950395174 0
1681691875223 0.363818574488845 0
1681691875402 0.3715784885050252 0
1681691875580 0.37597030364417705 0
1681691875761 0.3787001416394771 0
1681691875941 0.38050405209049787 0
1681691876121 0.3817399357315908 0
1681691876303 0.3825996907636371 0
1681691876483 0.3831947454823478 0
1681691876666 0.38359430945396045 0
1681691876846 0.38384380868386303 0
1681691877027 0.3839745954548502 0
1681691877207 0.38400912521818664 0
1681691877389 0.38396420179703017 0
1681691877569 0.3838526995128013 0
1681691877750 0.3836848329479933 0
1681691877931 0.38346882390757314 0
1681691878111 0.38321143624046294 0
1681691878293 0.38291837717844446 0
1681691878472 0.38259434090493905 0
1681691878653 0.3822436301743546 0
1681691878833 0.38186954249801736 0
1681691879015 0.38147543874831935 0
1681691879197 0.3810637592359277 0
1681691879378 0.3806370345535198 0
1681691879567 0.38019731953320757 0
1681691879760 0.3797464476729825 0
1681691879952 0.3792860628699869 0
1681691880139 0.3788177006795188 0
1681691880327 0.37834234320894033 0
1681691880509 0.3778614794309585 0
1681691880690 0.3773760270544324 0
1681691880886 0.3768869110356391 0
1681691881068 0.3763951701361467 0
1681691881249 0.37590092650272516 0
1681691881429 0.37540547688999937 0
1681691881610 0.3749092195848992 0
1681691881792 0.3744127210542004 0
1681691881973 0.373916800688761 0
1681691882152 0.3734208234373282 0
1681691882335 0.37292633493082544 0
1681691882516 0.37243327094244116 0
1681691882697 0.3719420461387769 0
1681691882879 0.3714529073984551 0
1681691883060 0.3709668141698754 0
1681691883242 0.37048196140810197 0
1681691883424 0.37000134843247245 0
1681691883604 0.3695233995940258 0
1681691883784 0.3690475168834738 0
