1681691874847 2598.4021911621094 0
1681691875023 2479.250747680664 0
1681691875198 2437.035614013672 0
1681691875378 2409.4895935058594 0
1681691875556 2389.9940032958984 0
1681691875737 2375.391357421875 0
1681691875917 2363.9598541259766 0
1681691876098 2354.702651977539 0
1681691876279 2347.0078125 0
1681691876459 2340.4798431396484 0
1681691876641 2334.8484497070312 0
1681691876823 2329.9246673583984 0
1681691877003 2325.570510864258 0
1681691877184 2321.6819915771484 0
1681691877364 2318.181350708008 0
1681691877545 2315.006622314453 0
1681691877726 2312.1088256835938 0
1681691877907 2309.4497680664062 0
1681691878087 2306.997085571289 0
1681691878268 2304.7246704101562 0
1681691878449 2302.610809326172 0
1681691878628 2300.6372985839844 0
1681691878808 2298.7884063720703 0
1681691878991 2297.0516052246094 0
1681691879172 2295.415054321289 0
1681691879353 2293.8694763183594 0
1681691879543 2292.405960083008 0
1681691879735 2291.017547607422 0
1681691879927 2289.6976013183594 0
1681691880116 2288.4407501220703 0
1681691880302 2287.2415924072266 0
1681691880485 2286.095993041992 0
1681691880666 2284.999969482422 0
1681691880846 2283.9496154785156 0
1681691881044 2282.9422149658203 0
1681691881224 2281.9743041992188 0
1681691881405 2281.044174194336 0
1681691881586 2280.148727416992 0
1681691881767 2279.286102294922 0
1681691881948 2278.4544525146484 0
1681691882129 2277.651840209961 0
1681691882310 2276.8768005371094 0
1681691882492 2276.1278076171875 0
1681691882672 2275.403305053711 0
1681691882854 2274.702117919922 0
1681691883035 2274.0230560302734 0
1681691883217 2273.3653259277344 0
1681691883399 2272.727828979492 0
1681691883580 2272.1091918945312 0
1681691883761 2271.5091094970703 0
