1681181822789 0.27177758390144835 0
1681181822972 0.3261372206755871 0
1681181823157 0.34896644674720534 0
1681181823341 0.3611066757094818 0
1681181823511 0.3684514711721711 0
1681181823681 0.3732564156119506 0
1681181823851 0.37655855460898924 0
1681181824026 0.3788985849248636 0
1681181824214 0.38058543288355134 0
1681181824389 0.38180841865428006 0
1681181824565 0.38269001293568244 0
1681181824751 0.3833130767363905 0
1681181824927 0.38373571083770097 0
1681181825097 0.3839999051961353 0
1681181825279 0.38413680020021185 0
1681181825459 0.38416996852961693 0
1681181825632 0.38411772543160677 0
1681181825802 0.3839943743807932 0
1681181825974 0.3838114078817938 0
1681181826146 0.38357810244811513 0
1681181826319 0.3833019694142307 0
1681181826486 0.38298936691284535 0
1681181826659 0.38264554046501137 0
1681181826828 0.3822749735382993 0
1681181827001 0.38188133250186607 0
1681181827173 0.38146777827340494 0
1681181827345 0.3810372598662785 0
1681181827516 0.38059225966648375 0
1681181827689 0.3801344758606963 0
1681181827858 0.3796662942204689 0
