1682038905775 114.14633178710938 0
1682038905794 114.14634704589844 1
1682038905813 114.1463623046875 2
1682038905833 114.14637756347656 3
1682038905852 114.14639282226562 4
1682038905870 114.14640045166016 5
1682038905889 114.14641571044922 6
1682038905907 114.14642333984375 7
1682038905925 114.14643859863281 8
1682038905944 114.14645385742188 9
1682038905963 114.1464614868164 10
1682038905981 114.14646911621094 11
1682038905999 114.14646911621094 12
1682038906018 114.14647674560547 13
1682038906037 114.146484375 14
1682038906055 114.146484375 15
1682038906074 114.146484375 16
1682038906092 114.146484375 17
1682038906111 114.146484375 18
1682038906129 114.146484375 19
1682038906149 114.146484375 20
1682038906168 114.146484375 21
1682038906187 114.146484375 22
1682038906206 114.146484375 23
1682038906225 114.146484375 24
1682038906244 114.146484375 25
1682038906262 114.14647674560547 26
1682038906281 114.14647674560547 27
1682038906299 114.14647674560547 28
1682038906317 114.14647674560547 29
1682038906336 114.14647674560547 30
1682038906354 114.14646911621094 31
1682038906373 114.14646911621094 32
1682038906391 114.14646911621094 33
1682038906410 114.14646911621094 34
1682038906429 114.14646911621094 35
1682038906447 114.14646911621094 36
1682038906466 114.14646911621094 37
1682038906484 114.14646911621094 38
1682038906503 114.14646911621094 39
1682038906522 114.1464614868164 40
1682038906540 114.1464614868164 41
1682038906559 114.1464614868164 42
1682038906578 114.1464614868164 43
1682038906597 114.1464614868164 44
1682038906615 114.1464614868164 45
1682038906634 114.1464614868164 46
1682038906652 114.1464614868164 47
1682038906670 114.1464614868164 48
1682038906690 114.1464614868164 49
