1682538933312 0.17621835608369707 0
1682538933892 0.258927361831643 1
1682538934464 0.2994203364970469 2
1682538935131 0.3221893166279834 3
1682538935698 0.33602064484740435 4
1682538936277 0.3447203454824403 5
1682538936842 0.3502259280264931 6
1682538937421 0.3536401973052113 7
1682538937982 0.35564422150924346 8
1682538938547 0.3566885788703321 9
1682538939107 0.3570927486709787 10
1682538939670 0.3571038355562062 11
1682538940230 0.3569327335473118 12
1682538940800 0.3567520040753017 13
1682538941381 0.35664539619389485 14
1682538941950 0.3565830019321515 15
1682538942518 0.3564774714103851 16
1682538943081 0.3562634267519289 17
1682538943632 0.3559324974240118 18
1682538944195 0.3555172557115973 19
1682538944754 0.35505728962515337 20
1682538945317 0.35457894714632776 21
1682538945893 0.35409358439702676 22
1682538946461 0.35360370854363987 23
1682538947029 0.3531095631635925 24
1682538947597 0.35261275385026314 25
1682538948147 0.35211720647964284 26
1682538948716 0.3516283053518694 27
1682538949272 0.3511518812598783 28
1682538949838 0.35069299207311366 29
