1682538932920 2615.782180786133 0
1682538933505 2530.7750549316406 1
1682538934083 2499.2753295898438 2
1682538934734 2481.117172241211 3
1682538935325 2468.6321716308594 4
1682538935886 2459.3370513916016 5
1682538936465 2452.1419830322266 6
1682538937038 2446.4562072753906 7
1682538937611 2441.905059814453 8
1682538938176 2438.2235260009766 9
1682538938729 2435.206573486328 10
1682538939294 2432.6888122558594 11
1682538939854 2430.5349884033203 12
1682538940419 2428.650909423828 13
1682538940995 2426.9932250976562 14
1682538941572 2425.5443115234375 15
1682538942135 2424.2833099365234 16
1682538942706 2423.1715087890625 17
1682538943263 2422.164581298828 18
1682538943813 2421.2264099121094 19
1682538944385 2420.341354370117 20
1682538944940 2419.5174560546875 21
1682538945504 2418.7704467773438 22
1682538946075 2418.1114196777344 23
1682538946645 2417.539337158203 24
1682538947218 2417.0462341308594 25
1682538947777 2416.6202697753906 26
1682538948333 2416.2498168945312 27
1682538948901 2415.9251861572266 28
1682538949456 2415.6377716064453 29
