1682538933290 0.3231666666666667 0
1682538933871 0.342 1
1682538934443 0.3715 2
1682538935108 0.37883333333333336 3
1682538935679 0.38766666666666666 4
1682538936257 0.39266666666666666 5
1682538936821 0.4155 6
1682538937400 0.3965 7
1682538937963 0.3986666666666667 8
1682538938527 0.4068333333333334 9
1682538939087 0.3988333333333333 10
1682538939650 0.4065000000000001 11
1682538940210 0.39916666666666667 12
1682538940779 0.43216666666666664 13
1682538941361 0.43850000000000006 14
1682538941930 0.45216666666666666 15
1682538942498 0.4585000000000001 16
1682538943061 0.4629999999999999 17
1682538943612 0.4736666666666667 18
1682538944175 0.4776666666666667 19
1682538944734 0.47300000000000003 20
1682538945298 0.4785 21
1682538945873 0.47433333333333333 22
1682538946441 0.4755 23
1682538947008 0.4748333333333333 24
1682538947577 0.46216666666666667 25
1682538948127 0.45249999999999996 26
1682538948696 0.46849999999999997 27
1682538949252 0.4643333333333333 28
1682538949817 0.4673333333333334 29
