1681687494099 673.0 0
1681687494271 722.0 0
1681687494451 714.0 0
1681687494636 716.0 0
1681687494817 709.0 0
1681687494992 708.0 0
1681687495167 711.0 0
1681687495343 719.0 0
1681687495518 719.0 0
1681687495694 719.0 0
1681687495871 719.0 0
1681687496045 719.0 0
1681687496220 719.0 0
1681687496398 719.0 0
1681687496589 721.0 0
1681687496776 721.0 0
1681687496957 721.0 0
1681687497132 721.0 0
1681687497308 721.0 0
1681687497483 721.0 0
1681687497658 721.0 0
1681687497835 721.0 0
1681687498011 721.0 0
1681687498190 721.0 0
1681687498366 721.0 0
1681687498544 721.0 0
1681687498729 721.0 0
1681687498907 721.0 0
1681687499083 722.0 0
1681687499259 722.0 0
1681687602397 692.0 0
1681687602570 733.0 0
1681687602742 739.0 0
1681687602916 756.0 0
1681687603090 746.0 0
1681687603269 740.0 0
1681687603453 731.0 0
1681687603642 728.0 0
1681687603821 728.0 0
1681687604010 723.0 0
1681687604196 716.0 0
1681687604372 719.0 0
1681687604551 719.0 0
1681687604730 716.0 0
1681687604915 715.0 0
1681687605092 710.0 0
1681687605268 710.0 0
1681687605451 708.0 0
1681687605627 708.0 0
1681687605803 705.0 0
1681687605981 705.0 0
1681687606168 711.0 0
1681687606344 710.0 0
1681687606520 710.0 0
1681687606702 710.0 0
1681687606880 710.0 0
1681687607058 712.0 0
1681687607234 712.0 0
1681687607413 712.0 0
1681687607589 712.0 0
1681687654183 669.0 0
1681687654364 714.0 0
1681687654548 715.0 0
1681687654729 715.0 0
1681687654907 715.0 0
1681687655105 709.0 0
1681687655299 709.0 0
1681687655487 711.0 0
1681687655676 711.0 0
1681687655864 714.0 0
1681687656046 717.0 0
1681687656229 726.0 0
1681687656412 726.0 0
1681687656594 726.0 0
1681687656786 727.0 0
1681687656971 727.0 0
1681687657148 727.0 0
1681687657323 727.0 0
1681687657503 727.0 0
1681687657691 727.0 0
1681687657870 727.0 0
1681687658052 727.0 0
1681687658236 727.0 0
1681687658413 727.0 0
1681687658589 730.0 0
1681687658770 730.0 0
1681687658947 730.0 0
1681687659125 730.0 0
1681687659302 730.0 0
1681687659478 730.0 0
1681689129546 699.0 0
1681689129725 733.0 0
1681689129901 749.0 0
1681689130077 759.0 0
1681689130261 757.0 0
1681689130446 744.0 0
1681689130632 741.0 0
1681689130817 741.0 0
1681689130995 740.0 0
1681689131170 739.0 0
1681689131345 741.0 0
1681689131518 738.0 0
1681689131694 737.0 0
1681689131869 733.0 0
1681689132046 735.0 0
1681689132223 735.0 0
1681689132402 735.0 0
1681689132579 735.0 0
1681689132757 735.0 0
1681689132935 735.0 0
1681689133111 735.0 0
1681689133287 737.0 0
1681689133465 737.0 0
1681689133640 737.0 0
1681689133817 737.0 0
1681689133993 735.0 0
1681689134169 735.0 0
1681689134346 735.0 0
1681689134521 734.0 0
1681689134698 734.0 0
