1682048095284 0.0 0
1682048095334 0.09996253997087479 1
1682048095380 0.19867302477359772 2
1682048095436 0.2953041195869446 3
1682048095495 0.389672189950943 4
1682048095542 0.48234856128692627 5
1682048095590 0.5742393136024475 6
1682048095646 0.6661463379859924 7
1682048095701 0.7586106657981873 8
1682048095749 0.8516170382499695 9
1682048095799 0.9447616934776306 10
1682048095859 1.037992238998413 11
1682048095905 1.1315782070159912 12
1682048095950 1.2259160280227661 13
1682048095995 1.321403980255127 14
1682048096039 1.4183913469314575 15
1682048096082 1.5171676874160767 16
1682048096122 1.6179656982421875 17
1682048096163 1.7209683656692505 18
1682048096203 1.8263137340545654 19
1682048096252 1.9340965747833252 20
1682048096295 2.0443668365478516 21
1682048096344 2.1571249961853027 22
1682048096401 2.272315740585327 23
1682048096447 2.3898205757141113 24
1682048096493 2.5094518661499023 25
1682048096537 2.6309492588043213 26
1682048096582 2.7539806365966797 27
1682048096624 2.878148317337036 28
1682048096665 3.0029993057250977 29
1682048096705 3.1280412673950195 30
1682048096744 3.2527589797973633 31
1682048096786 3.376633405685425 32
1682048096835 3.4991588592529297 33
1682048096877 3.6198582649230957 34
1682048096920 3.7382965087890625 35
1682048096962 3.854088068008423 36
1682048097004 3.966902494430542 37
1682048097053 4.0764665603637695 38
1682048097099 4.1825642585754395 39
1682048097148 4.285034656524658 40
1682048097196 4.3837666511535645 41
1682048097245 4.478695869445801 42
1682048097288 4.569798946380615 43
1682048097329 4.657087326049805 44
1682048097370 4.740602970123291 45
1682048097410 4.820413112640381 46
1682048097450 4.896605014801025 47
1682048097489 4.969282627105713 48
1682048097529 5.038562297821045 49
1682048097561 5.104569435119629 49
