1682048095277 0.0 0
1682048095329 0.09999697655439377 1
1682048095374 0.20004872977733612 2
1682048095429 0.3002201318740845 3
1682048095488 0.4005880057811737 4
1682048095537 0.5012352466583252 5
1682048095583 0.6022586822509766 6
1682048095639 0.7037804126739502 7
1682048095694 0.8059437274932861 8
1682048095744 0.9088874459266663 9
1682048095791 1.0127184391021729 10
1682048095850 1.1175134181976318 11
1682048095900 1.2233237028121948 12
1682048095945 1.3301774263381958 13
1682048095990 1.4380782842636108 14
1682048096033 1.5470017194747925 15
1682048096077 1.65688955783844 16
1682048096118 1.767642617225647 17
1682048096159 1.8791142702102661 18
1682048096198 1.9911048412322998 19
1682048096245 2.1033589839935303 20
1682048096290 2.215566396713257 21
1682048096338 2.327368974685669 22
1682048096395 2.4383692741394043 23
1682048096442 2.5481417179107666 24
1682048096487 2.656252145767212 25
1682048096532 2.762268543243408 26
1682048096577 2.8657732009887695 27
1682048096619 2.966381788253784 28
1682048096660 3.063746213912964 29
1682048096700 3.15757417678833 30
1682048096740 3.247623920440674 31
1682048096781 3.3337152004241943 32
1682048096830 3.415715217590332 33
1682048096872 3.493551731109619 34
1682048096915 3.5672082901000977 35
1682048096957 3.636713743209839 36
1682048097000 3.7021353244781494 37
1682048097046 3.763573408126831 38
1682048097094 3.821152687072754 39
1682048097142 3.8750216960906982 40
1682048097190 3.925339698791504 41
1682048097239 3.9722740650177 42
1682048097283 4.016000747680664 43
1682048097325 4.056696891784668 44
1682048097365 4.094540596008301 45
1682048097406 4.129706859588623 46
1682048097445 4.162365913391113 47
1682048097485 4.192682266235352 48
1682048097525 4.2208147048950195 49
1682048097557 4.246913433074951 49
