1682048095280 0.0 0
1682048095331 0.0999726727604866 1
1682048095377 0.19511300325393677 2
1682048095432 0.27382510900497437 3
1682048095492 0.3176218271255493 4
1682048095540 0.32093027234077454 5
1682048095586 0.29636529088020325 6
1682048095642 0.262020468711853 7
1682048095697 0.2566996216773987 8
1682048095747 0.29759904742240906 9
1682048095795 0.3571368157863617 10
1682048095854 0.42575037479400635 11
1682048095902 0.5003616213798523 12
1682048095948 0.5796341300010681 13
1682048095993 0.6628658771514893 14
1682048096036 0.7496467232704163 15
1682048096080 0.8397241830825806 16
1682048096120 0.9329400658607483 17
1682048096161 1.0291967391967773 18
1682048096201 1.1284362077713013 19
1682048096249 1.2306257486343384 20
1682048096293 1.335745930671692 21
1682048096341 1.4437792301177979 22
1682048096398 1.5546988248825073 23
1682048096445 1.66845703125 24
1682048096490 1.7849730253219604 25
1682048096534 1.904122233390808 26
1682048096579 2.025726556777954 27
1682048096621 2.149548292160034 28
1682048096663 2.2752861976623535 29
1682048096702 2.4025778770446777 30
1682048096742 2.5310051441192627 31
1682048096784 2.6601035594940186 32
1682048096833 2.789374828338623 33
1682048096875 2.9183030128479004 34
1682048096917 3.0463693141937256 35
1682048096960 3.1730685234069824 36
1682048097002 3.297922134399414 37
1682048097049 3.420490264892578 38
1682048097097 3.5403804779052734 39
1682048097145 3.6572535037994385 40
1682048097193 3.7708263397216797 41
1682048097242 3.8808717727661133 42
1682048097286 3.987217903137207 43
1682048097327 4.0897440910339355 44
1682048097368 4.188376426696777 45
1682048097408 4.283083438873291 46
1682048097447 4.373870372772217 47
1682048097487 4.460773944854736 48
1682048097527 4.543857574462891 49
1682048097559 4.62320613861084 49
