1682048095294 0.0 0
1682048095342 0.0999702587723732 1
1682048095389 0.19786131381988525 2
1682048095448 0.29326868057250977 3
1682048095505 0.38644370436668396 4
1682048095551 0.47802311182022095 5
1682048095601 0.5687342882156372 6
1682048095657 0.6592015027999878 7
1682048095711 0.7498931884765625 8
1682048095758 0.8410098552703857 9
1682048095810 0.9325869083404541 10
1682048095868 1.0247913599014282 11
1682048095913 1.1178823709487915 12
1682048095958 1.2121400833129883 13
1682048096002 1.3078298568725586 14
1682048096047 1.405190348625183 15
1682048096089 1.5044316053390503 16
1682048096129 1.605736255645752 17
1682048096170 1.7092593908309937 18
1682048096210 1.8151261806488037 19
1682048096260 1.9234261512756348 20
1682048096302 2.034203290939331 21
1682048096354 2.147444486618042 22
1682048096410 2.2630653381347656 23
1682048096455 2.3808963298797607 24
1682048096501 2.500671148300171 25
1682048096545 2.6220216751098633 26
1682048096589 2.744480848312378 27
1682048096631 2.8674943447113037 28
1682048096672 2.990442991256714 29
1682048096712 3.1126708984375 30
1682048096751 3.233518123626709 31
1682048096794 3.352351188659668 32
1682048096842 3.4685895442962646 33
1682048096885 3.58172607421875 34
1682048096927 3.691338539123535 35
1682048096969 3.7970945835113525 36
1682048097012 3.898749589920044 37
1682048097061 3.996140956878662 38
1682048097108 4.089179515838623 39
1682048097157 4.177840232849121 40
1682048097205 4.262150764465332 41
1682048097253 4.342181205749512 42
1682048097295 4.418036937713623 43
1682048097336 4.489849090576172 44
1682048097377 4.557767868041992 45
1682048097417 4.621956825256348 46
1682048097457 4.682588577270508 47
1682048097497 4.739839553833008 48
1682048097536 4.793888092041016 49
1682048097568 4.844911575317383 49
