1681666567712 14.0 0
1681666568434 14.0 0
1681666569022 14.0 0
1681666569633 14.0 0
1681666570355 14.0 0
1681666570954 14.0 0
1681666571672 14.0 0
1681666572251 14.0 0
1681666572853 14.0 0
1681666573607 14.0 0
1681666574220 14.0 0
1681666574959 14.0 0
1681666575569 14.0 0
1681666576332 14.0 0
1681666576949 14.0 0
1681666577514 14.0 0
1681666578194 14.0 0
1681666578786 14.0 0
1681666579548 14.0 0
1681666580176 14.0 0
1681666580897 14.0 0
1681666581508 14.0 0
1681666582127 14.0 0
1681666582812 14.0 0
1681666583394 14.0 0
1681666584148 14.0 0
1681666584772 14.0 0
1681666585520 14.0 0
1681666586161 14.0 0
1681666586768 14.0 0
1681666892924 0.7 0
1681666916402 0.7 0
