1681691806095 2650.5904083251953 0
1681691806273 2520.4730529785156 0
1681691806448 2469.153793334961 0
1681691806627 2437.6273040771484 0
1681691806806 2414.502151489258 0
1681691806986 2396.267333984375 0
1681691807167 2381.8368530273438 0
1681691807353 2370.3486328125 0
1681691807541 2361.013137817383 0
1681691807735 2353.2461547851562 0
1681691807917 2346.6456451416016 0
1681691808103 2340.9356079101562 0
1681691808288 2335.9227905273438 0
1681691808474 2331.4669189453125 0
1681691808663 2327.465621948242 0
1681691808854 2323.840606689453 0
1681691809045 2320.5313262939453 0
1681691809238 2317.4904022216797 0
1681691809434 2314.6803283691406 0
1681691809626 2312.0708770751953 0
1681691809817 2309.636520385742 0
1681691810005 2307.357223510742 0
1681691810194 2305.215042114258 0
1681691810387 2303.196319580078 0
1681691810581 2301.2884368896484 0
1681691810763 2299.481185913086 0
1681691810944 2297.7652282714844 0
1681691811133 2296.1331787109375 0
1681691811325 2294.5783081054688 0
1681691811507 2293.0945892333984 0
1681691811689 2291.677001953125 0
1681691811872 2290.3209533691406 0
1681691812052 2289.022232055664 0
1681691812233 2287.777328491211 0
1681691812415 2286.5830841064453 0
1681691812596 2285.4365844726562 0
1681691812779 2284.3351440429688 0
1681691812960 2283.2760009765625 0
1681691813141 2282.257354736328 0
1681691813322 2281.276626586914 0
