1681691806109 816.0 0
1681691806285 779.0 0
1681691806460 763.0 0
1681691806639 751.0 0
1681691806818 734.0 0
1681691806999 731.0 0
1681691807179 723.0 0
1681691807365 725.0 0
1681691807555 725.0 0
1681691807747 721.0 0
1681691807929 718.0 0
1681691808117 718.0 0
1681691808301 718.0 0
1681691808487 718.0 0
1681691808676 716.0 0
1681691808867 716.0 0
1681691809058 709.0 0
1681691809252 717.0 0
1681691809447 717.0 0
1681691809639 716.0 0
1681691809829 716.0 0
1681691810018 718.0 0
1681691810208 720.0 0
1681691810401 720.0 0
1681691810593 720.0 0
1681691810776 720.0 0
1681691810956 716.0 0
1681691811146 716.0 0
1681691811338 716.0 0
1681691811519 716.0 0
1681691811702 716.0 0
1681691811884 716.0 0
1681691812065 716.0 0
1681691812245 716.0 0
1681691812427 716.0 0
1681691812608 716.0 0
1681691812792 716.0 0
1681691812973 718.0 0
1681691813154 718.0 0
1681691813334 718.0 0
