1682447477930 0.3261633117742875 0
1682447478476 0.3446983284691185 0
1682447479014 0.35716386434679454 0
1682447479549 0.3659333799274429 0
1682447480086 0.3722505213632103 0
1682447480638 0.37685372399799666 0
1682447481174 0.38021913120748835 0
1682447481710 0.3826725000262624 0
1682447482243 0.3844446692229387 0
1682447482790 0.3857025156338858 0
1682447483331 0.38656816417685447 0
1682447483878 0.3871318528650336 0
1682447484421 0.38746079662051913 0
1682447484962 0.38760608141716335 0
1682447485502 0.38760659492770855 0
1682447486041 0.3874920186689057 0
1682447486575 0.3872856420029267 0
1682447487127 0.3870059596562186 0
1682447487690 0.38666729695314384 0
1682447488238 0.3862814314334282 0
