1682447477546 2504.3192749023438 0
1682447478086 2411.914566040039 0
1682447478629 2391.746795654297 0
1682447479164 2377.4317932128906 0
1682447479701 2366.19873046875 0
1682447480239 2356.894317626953 0
1682447480793 2348.9698944091797 0
1682447481324 2342.130096435547 0
1682447481863 2336.1813201904297 0
1682447482398 2330.9730529785156 0
1682447482943 2326.3817749023438 0
1682447483487 2322.305130004883 0
1682447484031 2318.6603240966797 0
1682447484580 2315.3794708251953 0
1682447485114 2312.407974243164 0
1682447485655 2309.701156616211 0
1682447486193 2307.2223205566406 0
1682447486733 2304.941848754883 0
1682447487290 2302.8339080810547 0
1682447487843 2300.8777923583984 0
1682447488389 2299.056198120117 0
