1682007910871 94.55722384982639 0
1682007910875 95.93225691053603 1
1682007910878 96.68949890136719 2
1682007910882 96.95340643988715 3
1682007910884 97.03559282090929 4
1682007910887 97.15736304389105 5
1682007910890 97.15994771321614 6
1682007910895 97.160157945421 7
1682007910898 97.16020796034071 8
1682007910901 97.16022152370877 9
1682007910903 97.16023084852431 10
1682007910906 97.16022406684027 11
1682007910908 97.16022491455078 12
1682007910911 97.16023084852431 13
1682007910913 97.16022660997179 14
1682007910915 97.1602316962348 15
1682007910918 97.1602300008138 16
1682007910920 97.16023339165582 17
1682007910923 97.16023254394531 18
1682007910925 97.1602300008138 19
