1682049789861 0.0 0
1682049789905 -0.9990566372871399 1
1682049790430 -1.8107026815414429 2
1682049790495 -2.614384889602661 3
1682049790543 -3.482076406478882 4
1682049790590 -4.268632888793945 5
1682049790631 -4.952740669250488 6
1682049790672 -5.550827980041504 7
1682049790719 -6.078155040740967 8
1682049790759 -6.546291828155518 9
1682049790800 -6.9640936851501465 10
1682049790840 -7.338521480560303 11
1682049790881 -7.6751813888549805 12
1682049790921 -7.97868013381958 13
1682049790961 -8.252864837646484 14
1682049791018 -8.500995635986328 15
1682049791060 -8.725863456726074 16
1682049791103 -8.929884910583496 17
1682049791144 -9.115165710449219 18
1682049791185 -9.28355598449707 19
1682049791225 -9.436691284179688 20
1682049791265 -9.57602310180664 21
1682049791322 -9.70284652709961 22
1682049791369 -9.818320274353027 23
1682049791414 -9.92348575592041 24
1682049791466 -10.019280433654785 25
1682049791535 -10.106549263000488 26
1682049791580 -10.186058044433594 27
1682049791625 -10.258500099182129 28
1682049791672 -10.324503898620605 29
1682049791735 -10.38464069366455 30
1682049791776 -10.43942928314209 31
1682049791816 -10.48934268951416 32
1682049791855 -10.534811019897461 33
1682049791960 -10.576226234436035 34
1682049792001 -10.613945960998535 35
1682049792041 -10.648295402526855 36
1682049792080 -10.679572105407715 37
1682049792120 -10.708046913146973 38
1682049792159 -10.733967781066895 39
1682049792198 -10.757559776306152 40
1682049792238 -10.779029846191406 41
1682049792278 -10.798565864562988 42
1682049792318 -10.816339492797852 43
1682049792357 -10.832507133483887 44
1682049792397 -10.847211837768555 45
1682049792437 -10.860583305358887 46
1682049792476 -10.87274169921875 47
1682049792515 -10.883794784545898 48
1682049792560 -10.893841743469238 49
1682049792598 -10.902972221374512 49
