1682049789846 0.0 0
1682049789889 0.9999697804450989 1
1682049789931 1.8617322444915771 2
1682049790479 2.757023811340332 3
1682049790529 3.662446975708008 4
1682049790574 4.4854583740234375 5
1682049790618 5.208332538604736 6
1682049790658 5.842709541320801 7
1682049790705 6.402708053588867 8
1682049790745 6.900061130523682 9
1682049790786 7.344017028808594 10
1682049790826 7.741913795471191 11
1682049790867 8.099687576293945 12
1682049790907 8.422226905822754 13
1682049790947 8.713616371154785 14
1682049790990 8.977313995361328 15
1682049791046 9.216293334960938 16
1682049791089 9.433115005493164 17
1682049791130 9.630019187927246 18
1682049791170 9.80897331237793 19
1682049791211 9.971710205078125 20
1682049791251 10.119781494140625 21
1682049791302 10.254560470581055 22
1682049791351 10.377275466918945 23
1682049791398 10.489034652709961 24
1682049791448 10.59083366394043 25
1682049791517 10.683574676513672 26
1682049791564 10.768067359924316 27
1682049791609 10.845046997070312 28
1682049791654 10.915186882019043 29
1682049791722 10.979090690612793 30
1682049791762 11.037317276000977 31
1682049791802 11.090362548828125 32
1682049791841 11.138687133789062 33
1682049791944 11.182713508605957 34
1682049791987 11.222817420959473 35
1682049792027 11.259344100952148 36
1682049792066 11.292598724365234 37
1682049792106 11.322869300842285 38
1682049792145 11.350425720214844 39
1682049792184 11.375506401062012 40
1682049792224 11.398335456848145 41
1682049792264 11.419110298156738 42
1682049792303 11.438009262084961 43
1682049792343 11.455196380615234 44
1682049792383 11.470827102661133 45
1682049792424 11.485045433044434 46
1682049792462 11.497968673706055 47
1682049792502 11.50971508026123 48
1682049792543 11.520392417907715 49
1682049792581 11.530099868774414 49
