1682049789838 0.0 0
1682049789882 0.9999581575393677 1
1682049789924 1.7944879531860352 2
1682049790471 2.5687222480773926 3
1682049790521 3.4284250736236572 4
1682049790567 4.248124122619629 5
1682049790610 4.9757843017578125 6
1682049790651 5.61596155166626 7
1682049790698 6.181511878967285 8
1682049790738 6.683926105499268 9
1682049790779 7.13244104385376 10
1682049790820 7.534440517425537 11
1682049790860 7.895911693572998 12
1682049790900 8.221787452697754 13
1682049790940 8.516194343566895 14
1682049790982 8.78262710571289 15
1682049791039 9.024084091186523 16
1682049791082 9.243157386779785 17
1682049791123 9.442108154296875 18
1682049791163 9.622922897338867 19
1682049791204 9.78735637664795 20
1682049791244 9.936969757080078 21
1682049791291 10.073152542114258 22
1682049791343 10.197147369384766 23
1682049791390 10.310072898864746 24
1682049791439 10.412936210632324 25
1682049791504 10.506646156311035 26
1682049791556 10.592022895812988 27
1682049791601 10.66981029510498 28
1682049791646 10.74068546295166 29
1682049791714 10.80526065826416 30
1682049791754 10.864093780517578 31
1682049791795 10.917692184448242 32
1682049791834 10.96651840209961 33
1682049791902 11.010993957519531 34
1682049791980 11.051502227783203 35
1682049792020 11.08839225769043 36
1682049792060 11.121981620788574 37
1682049792099 11.15256118774414 38
1682049792138 11.180397987365723 39
1682049792177 11.205734252929688 40
1682049792217 11.228792190551758 41
1682049792257 11.249773979187012 42
1682049792297 11.268861770629883 43
1682049792337 11.286224365234375 44
1682049792376 11.30201530456543 45
1682049792416 11.316376686096191 46
1682049792456 11.32943344116211 47
1682049792495 11.341302871704102 48
1682049792536 11.352091789245605 49
1682049792573 11.361898422241211 49
