1682049789857 0.0 0
1682049789900 -0.9992837905883789 1
1682049790425 -1.8251923322677612 2
1682049790490 -2.646716356277466 3
1682049790538 -3.5164904594421387 4
1682049790585 -4.295581817626953 5
1682049790627 -4.972057342529297 6
1682049790668 -5.56337833404541 7
1682049790714 -6.084733963012695 8
1682049790755 -6.547569751739502 9
1682049790796 -6.9606404304504395 10
1682049790836 -7.3308281898498535 11
1682049790876 -7.663675785064697 12
1682049790917 -7.963737487792969 13
1682049790957 -8.234817504882812 14
1682049790999 -8.480137825012207 15
1682049791056 -8.702459335327148 16
1682049791098 -8.904170036315918 17
1682049791139 -9.087352752685547 18
1682049791180 -9.253836631774902 19
1682049791220 -9.405238151550293 20
1682049791260 -9.54299259185791 21
1682049791316 -9.668379783630371 22
1682049791363 -9.782546043395996 23
1682049791409 -9.886520385742188 24
1682049791459 -9.981229782104492 25
1682049791529 -10.067510604858398 26
1682049791575 -10.146119117736816 27
1682049791620 -10.217741012573242 28
1682049791665 -10.282997131347656 29
1682049791731 -10.342453002929688 30
1682049791771 -10.396621704101562 31
1682049791811 -10.445969581604004 32
1682049791850 -10.490922927856445 33
1682049791955 -10.531868934631348 34
1682049791996 -10.569161415100098 35
1682049792036 -10.603121757507324 36
1682049792075 -10.63404369354248 37
1682049792115 -10.662196159362793 38
1682049792154 -10.687823295593262 39
1682049792193 -10.711148262023926 40
1682049792234 -10.732375144958496 41
1682049792273 -10.751689910888672 42
1682049792313 -10.769262313842773 43
1682049792353 -10.785246849060059 44
1682049792393 -10.799784660339355 45
1682049792432 -10.813004493713379 46
1682049792471 -10.825024604797363 47
1682049792511 -10.835952758789062 48
1682049792554 -10.845885276794434 49
1682049792593 -10.854912757873535 49
