1681696352777 2610.243942260742 0
1681696352952 2488.062240600586 0
1681696353126 2445.7549743652344 0
1681696353302 2418.6683197021484 0
1681696353476 2399.2210693359375 0
1681696353651 2384.334457397461 0
1681696353826 2372.448974609375 0
1681696354003 2362.6698150634766 0
1681696354188 2354.438735961914 0
1681696354368 2347.3857421875 0
1681696354546 2341.253631591797 0
1681696354722 2335.858642578125 0
1681696354899 2331.0632934570312 0
1681696355076 2326.764129638672 0
1681696355257 2322.880386352539 0
1681696355434 2319.3492584228516 0
1681696355610 2316.119583129883 0
1681696355788 2313.1510314941406 0
1681696355965 2310.4090881347656 0
1681696356144 2307.866180419922 0
1681696356320 2305.499298095703 0
1681696356498 2303.289077758789 0
1681696356675 2301.218246459961 0
1681696356854 2299.273391723633 0
1681696357035 2297.4415588378906 0
1681696357219 2295.712936401367 0
1681696357406 2294.078353881836 0
1681696357589 2292.5289001464844 0
1681696357765 2291.0587158203125 0
1681696357942 2289.660873413086 0
1681696358119 2288.3300018310547 0
1681696358296 2287.0616912841797 0
1681696358473 2285.8507537841797 0
1681696358651 2284.6941680908203 0
1681696358827 2283.5877685546875 0
1681696359003 2282.5283966064453 0
1681696359180 2281.5133514404297 0
1681696359358 2280.539840698242 0
1681696359537 2279.605422973633 0
1681696359718 2278.7078857421875 0
