1681694308722 2606.104232788086 0
1681694308926 2498.415298461914 0
1681694309112 2453.610092163086 0
1681694309292 2423.1554565429688 0
1681694309471 2401.2110595703125 0
1681694309653 2384.8555603027344 0
1681694309916 2372.2100219726562 0
1681694310110 2362.09619140625 0
1681694310291 2353.774948120117 0
1681694310470 2346.7703857421875 0
1681694310653 2340.763702392578 0
1681694310833 2335.533950805664 0
1681694311013 2330.9225006103516 0
1681694311192 2326.812698364258 0
1681694311372 2323.116455078125 0
1681694311550 2319.766403198242 0
1681694311727 2316.7086029052734 0
1681694311905 2313.9011993408203 0
1681694312083 2311.3104248046875 0
1681694312261 2308.907669067383 0
1681694312439 2306.6703338623047 0
1681694312617 2304.578887939453 0
1681694312795 2302.617218017578 0
1681694312973 2300.771987915039 0
1681694313150 2299.030975341797 0
1681694313329 2297.384262084961 0
1681694313508 2295.8233489990234 0
1681694313690 2294.3404388427734 0
1681694313876 2292.928985595703 0
1681694314066 2291.582778930664 0
1681694314253 2290.2973022460938 0
1681694314441 2289.067138671875 0
1681694314625 2287.8892669677734 0
1681694314804 2286.7592163085938 0
1681694314983 2285.6741943359375 0
1681694315162 2284.6310424804688 0
1681694315338 2283.6270294189453 0
1681694315518 2282.659942626953 0
1681694315697 2281.7276153564453 0
1681694315876 2280.8280334472656 0
1681694316053 2279.9594116210938 0
1681694316233 2279.1197357177734 0
1681694316416 2278.307876586914 0
1681694316603 2277.5220642089844 0
1681694316793 2276.761520385742 0
1681694316972 2276.0248260498047 0
1681694317158 2275.3103790283203 0
1681694317337 2274.6178588867188 0
1681694317515 2273.946044921875 0
1681694317693 2273.293655395508 0
