1681694308741 0.4 0
1681694308939 0.3631578947368421 0
1681694309125 0.36578947368421055 0
1681694309304 0.36403508771929827 0
1681694309484 0.36929824561403507 0
1681694309665 0.3570175438596491 0
1681694309929 0.35789473684210527 0
1681694310123 0.35964912280701755 0
1681694310304 0.37105263157894736 0
1681694310484 0.3701754385964912 0
1681694310666 0.3684210526315789 0
1681694310847 0.36929824561403507 0
1681694311025 0.36666666666666664 0
1681694311204 0.36666666666666664 0
1681694311385 0.3649122807017544 0
1681694311562 0.3649122807017544 0
1681694311739 0.3649122807017544 0
1681694311917 0.3649122807017544 0
1681694312095 0.3649122807017544 0
1681694312274 0.3631578947368421 0
1681694312452 0.3631578947368421 0
1681694312629 0.3631578947368421 0
1681694312807 0.3631578947368421 0
1681694312985 0.36929824561403507 0
1681694313162 0.37543859649122807 0
1681694313342 0.37543859649122807 0
1681694313521 0.37543859649122807 0
1681694313703 0.37543859649122807 0
1681694313888 0.37543859649122807 0
1681694314078 0.37543859649122807 0
1681694314266 0.37543859649122807 0
1681694314454 0.37543859649122807 0
1681694314637 0.3701754385964912 0
1681694314817 0.3701754385964912 0
1681694314995 0.3701754385964912 0
1681694315174 0.3736842105263158 0
1681694315351 0.3736842105263158 0
1681694315530 0.3736842105263158 0
1681694315710 0.37105263157894736 0
1681694315889 0.37105263157894736 0
1681694316065 0.37105263157894736 0
1681694316247 0.37105263157894736 0
1681694316429 0.37105263157894736 0
1681694316622 0.37105263157894736 0
1681694316805 0.37105263157894736 0
1681694316984 0.37105263157894736 0
1681694317170 0.3684210526315789 0
1681694317349 0.3684210526315789 0
1681694317527 0.3684210526315789 0
1681694317706 0.3684210526315789 0
