1682447382923 0.0 0
1682447383452 0.0 0
1682447383984 0.0 0
1682447384517 0.0 0
1682447385060 0.0 0
1682447385600 0.0 0
1682447386137 0.0 0
1682447386674 0.0 0
1682447387210 0.0 0
1682447387748 0.0 0
1682447388290 0.0 0
1682447388827 0.0 0
1682447389364 0.0 0
1682447389895 0.0 0
1682447390431 0.0 0
1682447390961 0.0 0
1682447391496 0.0 0
1682447392026 0.0 0
1682447392559 0.0 0
1682447393087 0.0 0
1682447393620 0.0 0
1682447394152 0.0 0
1682447394706 0.0 0
1682447395237 0.0 0
1682447395768 0.0 0
1682447396299 0.0 0
1682447396826 0.0 0
1682447397353 0.0 0
1682447397886 0.0 0
1682447398412 0.0 0
1682447398946 0.0 0
1682447399478 0.0 0
1682447400006 0.0 0
1682447400547 0.0 0
1682447401076 0.0 0
1682447401616 0.0 0
1682447402153 0.0 0
1682447402694 0.0 0
1682447403225 0.0 0
1682447403763 0.0 0
