1682447382934 0.21777619252337993 0
1682447383467 0.27203097278712596 0
1682447383995 0.2985934404028916 0
1682447384528 0.3133925250405198 0
1682447385072 0.3223867936312891 0
1682447385613 0.3282511202160879 0
1682447386151 0.332279057706216 0
1682447386686 0.3351432246922429 0
1682447387222 0.3372238547567861 0
1682447387760 0.33875223963161455 0
1682447388302 0.33987768868055923 0
1682447388839 0.34070137866784866 0
1682447389377 0.34129461872501365 0
1682447389907 0.3417092991672204 0
1682447390443 0.34198439504682765 0
1682447390973 0.342149769902394 0
1682447391507 0.34222882142997396 0
1682447392038 0.34224029273767914 0
1682447392571 0.3421994085309046 0
1682447393099 0.3421185255882909 0
1682447393632 0.34200817433206226 0
1682447394164 0.34187702445534596 0
1682447394718 0.34173241292508905 0
1682447395249 0.341580622125617 0
1682447395779 0.34142669416806437 0
1682447396310 0.34127491347433353 0
1682447396838 0.34112910949844844 0
1682447397365 0.3409919800578476 0
1682447397898 0.34086581999614257 0
1682447398424 0.34075227224057136 0
1682447398958 0.3406523815749271 0
1682447399490 0.3405670833639638 0
1682447400019 0.34049574616898715 0
1682447400559 0.3404389531556631 0
1682447401087 0.34039617561358604 0
1682447401628 0.3403656022680708 0
1682447402165 0.3403471251285066 0
1682447402705 0.34033919619590575 0
1682447403237 0.3403408671090006 0
1682447403775 0.3403493392765874 0
