1682447382558 2639.8248291015625 0
1682447383084 2511.113998413086 0
1682447383620 2462.6941833496094 0
1682447384146 2431.257583618164 0
1682447384693 2408.415573120117 0
1682447385223 2391.2566986083984 0
1682447385769 2377.9737548828125 0
1682447386301 2367.344696044922 0
1682447386841 2358.590042114258 0
1682447387378 2351.2076416015625 0
1682447387924 2344.8641967773438 0
1682447388460 2339.329086303711 0
1682447388993 2334.4384155273438 0
1682447389526 2330.071075439453 0
1682447390062 2326.1356201171875 0
1682447390597 2322.561996459961 0
1682447391129 2319.295211791992 0
1682447391660 2316.290283203125 0
1682447392193 2313.512420654297 0
1682447392724 2310.9322204589844 0
1682447393253 2308.525390625 0
1682447393785 2306.2718963623047 0
1682447394319 2304.1552734375 0
1682447394870 2302.1609497070312 0
1682447395401 2300.2764739990234 0
1682447395932 2298.491668701172 0
1682447396463 2296.7980346679688 0
1682447396990 2295.187225341797 0
1682447397516 2293.6526947021484 0
1682447398049 2292.1882934570312 0
1682447398576 2290.788772583008 0
1682447399111 2289.449981689453 0
1682447399642 2288.167449951172 0
1682447400176 2286.937973022461 0
1682447400712 2285.757583618164 0
1682447401244 2284.6241607666016 0
1682447401783 2283.5341186523438 0
1682447402323 2282.4857788085938 0
1682447402858 2281.476516723633 0
1682447403390 2280.504425048828 0
