1682447382571 0.3017543859649123 0
1682447383096 0.32280701754385965 0
1682447383632 0.33421052631578946 0
1682447384159 0.3447368421052632 0
1682447384705 0.35350877192982455 0
1682447385235 0.35175438596491226 0
1682447385781 0.35964912280701755 0
1682447386316 0.3605263157894737 0
1682447386853 0.3649122807017544 0
1682447387390 0.3649122807017544 0
1682447387936 0.35964912280701755 0
1682447388472 0.3675438596491228 0
1682447389005 0.36403508771929827 0
1682447389538 0.36403508771929827 0
1682447390076 0.36403508771929827 0
1682447390609 0.36403508771929827 0
1682447391142 0.3649122807017544 0
1682447391672 0.3649122807017544 0
1682447392205 0.3631578947368421 0
1682447392736 0.3631578947368421 0
1682447393267 0.3631578947368421 0
1682447393798 0.36140350877192984 0
1682447394350 0.3631578947368421 0
1682447394883 0.3631578947368421 0
1682447395413 0.3631578947368421 0
1682447395944 0.3631578947368421 0
1682447396475 0.3631578947368421 0
1682447397002 0.36403508771929827 0
1682447397529 0.36403508771929827 0
1682447398062 0.36666666666666664 0
1682447398589 0.36666666666666664 0
1682447399124 0.36666666666666664 0
1682447399654 0.36403508771929827 0
1682447400188 0.36403508771929827 0
1682447400725 0.36403508771929827 0
1682447401257 0.36403508771929827 0
1682447401795 0.36403508771929827 0
1682447402335 0.362280701754386 0
1682447402870 0.362280701754386 0
1682447403403 0.3649122807017544 0
