1682038796285 114.14633178710938 0
1682038796306 114.14634704589844 0
1682038796326 114.1463623046875 0
1682038796346 114.14637756347656 0
1682038796366 114.14639282226562 0
1682038796386 114.14640045166016 0
1682038796407 114.14641571044922 0
1682038796429 114.14642333984375 0
1682038796452 114.14643859863281 0
1682038796474 114.14645385742188 0
1682038796495 114.1464614868164 0
1682038796518 114.14646911621094 0
1682038796541 114.14646911621094 0
1682038796562 114.14647674560547 0
1682038796584 114.146484375 0
1682038796606 114.146484375 0
1682038796627 114.146484375 0
1682038796648 114.146484375 0
1682038796668 114.146484375 0
1682038796687 114.146484375 0
1682038796707 114.146484375 0
1682038796727 114.146484375 0
1682038796746 114.146484375 0
1682038796765 114.146484375 0
1682038796783 114.146484375 0
1682038796802 114.146484375 0
1682038796820 114.14647674560547 0
1682038796838 114.14647674560547 0
1682038796857 114.14647674560547 0
1682038796875 114.14647674560547 0
1682038796893 114.14647674560547 0
1682038796911 114.14646911621094 0
1682038796929 114.14646911621094 0
1682038796948 114.14646911621094 0
1682038796967 114.14646911621094 0
1682038797002 114.14646911621094 0
1682038797020 114.14646911621094 0
1682038797039 114.14646911621094 0
1682038797057 114.14646911621094 0
1682038797076 114.14646911621094 0
1682038797094 114.1464614868164 0
1682038797112 114.1464614868164 0
1682038797130 114.1464614868164 0
1682038797148 114.1464614868164 0
1682038797166 114.1464614868164 0
1682038797185 114.1464614868164 0
1682038797209 114.1464614868164 0
1682038797227 114.1464614868164 0
1682038797246 114.1464614868164 0
1682038797264 114.1464614868164 0
