1681696300089 2623.2344970703125 0
1681696300263 2497.032974243164 0
1681696300438 2455.2669830322266 0
1681696300613 2428.2047424316406 0
1681696300797 2407.884536743164 0
1681696300984 2391.482940673828 0
1681696301165 2378.0020599365234 0
1681696301350 2366.9322814941406 0
1681696301538 2357.789535522461 0
1681696301721 2350.134033203125 0
1681696301900 2343.6194458007812 0
1681696302093 2337.9895935058594 0
1681696302269 2333.0582427978516 0
1681696302448 2328.6879119873047 0
1681696302636 2324.776153564453 0
1681696302822 2321.244598388672 0
1681696303007 2318.0326080322266 0
1681696303185 2315.092498779297 0
1681696303367 2312.3858947753906 0
1681696303545 2309.8816986083984 0
1681696303723 2307.5542907714844 0
1681696303903 2305.383255004883 0
1681696304081 2303.3499603271484 0
1681696304259 2301.4400024414062 0
1681696304437 2299.641143798828 0
1681696304616 2297.941619873047 0
1681696304795 2296.332305908203 0
1681696304972 2294.8055114746094 0
1681696305151 2293.353805541992 0
1681696305329 2291.970703125 0
1681696305508 2290.6510467529297 0
1681696305686 2289.3900756835938 0
1681696305875 2288.1831665039062 0
1681696306053 2287.026351928711 0
1681696306230 2285.9164276123047 0
1681696306406 2284.8505096435547 0
1681696306584 2283.8250885009766 0
1681696306760 2282.8382873535156 0
1681696306942 2281.887420654297 0
1681696307120 2280.970260620117 0
