1681696300102 0.30526315789473685 0
1681696300276 0.3192982456140351 0
1681696300451 0.3201754385964912 0
1681696300626 0.3263157894736842 0
1681696300811 0.3236842105263158 0
1681696300997 0.3201754385964912 0
1681696301177 0.3140350877192982 0
1681696301364 0.30964912280701756 0
1681696301551 0.3078947368421053 0
1681696301734 0.3087719298245614 0
1681696301926 0.3087719298245614 0
1681696302105 0.34385964912280703 0
1681696302282 0.34210526315789475 0
1681696302461 0.3456140350877193 0
1681696302649 0.34385964912280703 0
1681696302834 0.34385964912280703 0
1681696303019 0.34385964912280703 0
1681696303197 0.34210526315789475 0
1681696303379 0.34210526315789475 0
1681696303558 0.34210526315789475 0
1681696303736 0.34210526315789475 0
1681696303915 0.34210526315789475 0
1681696304093 0.34210526315789475 0
1681696304272 0.34210526315789475 0
1681696304450 0.3394736842105263 0
1681696304628 0.3394736842105263 0
1681696304807 0.3394736842105263 0
1681696304985 0.3394736842105263 0
1681696305163 0.3394736842105263 0
1681696305342 0.3394736842105263 0
1681696305521 0.3394736842105263 0
1681696305698 0.35175438596491226 0
1681696305887 0.35175438596491226 0
1681696306065 0.35175438596491226 0
1681696306242 0.35175438596491226 0
1681696306419 0.3543859649122807 0
1681696306596 0.3543859649122807 0
1681696306773 0.3543859649122807 0
1681696306954 0.3543859649122807 0
1681696307132 0.3543859649122807 0
