1681696526930 0.36929824561403507 0
1681696527103 0.36140350877192984 0
1681696527278 0.35 0
1681696527452 0.35175438596491226 0
1681696527629 0.35964912280701755 0
1681696527807 0.36929824561403507 0
1681696527986 0.36929824561403507 0
1681696528177 0.3675438596491228 0
1681696528364 0.3701754385964912 0
1681696528543 0.3684210526315789 0
1681696528723 0.36929824561403507 0
1681696528905 0.3675438596491228 0
1681696529083 0.3675438596491228 0
1681696529275 0.37280701754385964 0
1681696529458 0.37280701754385964 0
1681696529647 0.37280701754385964 0
1681696529838 0.37280701754385964 0
1681696530024 0.37280701754385964 0
1681696530202 0.37280701754385964 0
1681696530378 0.37280701754385964 0
1681696530557 0.37280701754385964 0
1681696530741 0.37280701754385964 0
1681696530932 0.37280701754385964 0
1681696531112 0.3701754385964912 0
1681696531305 0.3701754385964912 0
1681696531493 0.3701754385964912 0
1681696531672 0.3701754385964912 0
1681696531852 0.3701754385964912 0
1681696532028 0.37280701754385964 0
1681696532205 0.37280701754385964 0
1681696532386 0.37280701754385964 0
1681696532564 0.37280701754385964 0
1681696532743 0.37280701754385964 0
1681696532921 0.37280701754385964 0
1681696533098 0.37280701754385964 0
1681696533277 0.37280701754385964 0
1681696533455 0.37280701754385964 0
1681696533632 0.37280701754385964 0
1681696533810 0.37280701754385964 0
1681696533989 0.37280701754385964 0
