1681684475260 2629.0768432617188 0
1681685841386 2604.437271118164 0
1681685842086 2631.1612854003906 0
1681685863643 2600.7115020751953 0
1681685942516 2597.4925537109375 0
1681685949499 2629.499069213867 0
1681685950915 2609.5001525878906 0
1681685952289 2617.722381591797 0
1681685955291 2586.875228881836 0
1681685980157 2588.8500366210938 0
1681685980725 2648.248321533203 0
1681685982125 2615.5416107177734 0
1681685982743 2624.6111755371094 0
1681685998239 2651.7254333496094 0
1681686000291 2618.6864318847656 0
1681686065909 2631.424591064453 0
1681686066724 2630.4639739990234 0
1681686068458 2610.1322326660156 0
1681686070175 2614.5479888916016 0
1681686175907 2601.7847290039062 0
1681686176965 2608.0746307373047 0
1681686556921 2596.241729736328 0
1681686558217 2597.4276123046875 0
1681686558891 2590.8551025390625 0
1681686560223 2560.077438354492 0
1681686583235 2593.8558502197266 0
1681686583803 2643.0428466796875 0
1681686585031 2607.5545654296875 0
1681686585772 2579.6967010498047 0
1681686593910 2598.6461486816406 0
1681686594082 2477.6285705566406 0
1681686594247 2445.2174072265625 0
1681686594412 2423.2716369628906 0
1681686594578 2406.7398986816406 0
1681686594748 2393.4842681884766 0
1681686594923 2382.339813232422 0
1681686595099 2372.6632385253906 0
1681686595287 2364.1629028320312 0
1681686595453 2356.7064819335938 0
1681686595620 2350.1756896972656 0
1681686595787 2344.4395599365234 0
1681686595954 2339.367416381836 0
1681686596120 2334.845184326172 0
1681686596287 2330.779327392578 0
1681686596453 2327.0940551757812 0
1681686596621 2323.7295532226562 0
1681686596789 2320.637924194336 0
1681686596956 2317.7808837890625 0
1681686597125 2315.126708984375 0
1681686597292 2312.650421142578 0
1681686597459 2310.3309326171875 0
1681686597627 2308.150604248047 0
1681686597795 2306.094696044922 0
1681686597961 2304.151092529297 0
1681686598128 2302.3085327148438 0
1681686598295 2300.558547973633 0
1681686598466 2298.8929595947266 0
1681686598641 2297.3046264648438 0
1681686598809 2295.7876892089844 0
1681686655538 2592.020721435547 0
1681686655707 2477.4349975585938 0
1681686655881 2435.2640228271484 0
1681686656059 2408.8853454589844 0
1681686656266 2390.3377075195312 0
1681686656432 2376.3709411621094 0
1681686656607 2365.3607482910156 0
1681686656788 2356.3915252685547 0
1681686656955 2348.8998413085938 0
1681686657128 2342.5187377929688 0
1681686657306 2336.9954986572266 0
1681686657480 2332.1505279541016 0
1681686657649 2327.850814819336 0
1681686657820 2323.9965057373047 0
1681686657988 2320.5105895996094 0
1681686658158 2317.3318939208984 0
1681686658327 2314.4127502441406 0
1681686658507 2311.7144927978516 0
1681686658686 2309.2069244384766 0
1681686658869 2306.8648681640625 0
1681686659039 2304.6689453125 0
1681686659211 2302.603546142578 0
1681686659391 2300.656051635742 0
1681686659567 2298.8155975341797 0
1681686659736 2297.0734252929688 0
1681686659906 2295.4221801757812 0
1681686660076 2293.85498046875 0
1681686660255 2292.365249633789 0
1681686660427 2290.9475708007812 0
1681686660596 2289.5967559814453 0
1681686674347 2619.683883666992 0
1681686674513 2502.44287109375 0
1681686674681 2459.9806060791016 0
1681686674848 2433.506118774414 0
1681686675014 2414.3895568847656 0
1681686675182 2399.2979736328125 0
1681686675355 2386.6080474853516 0
1681686675531 2375.552764892578 0
1681686675706 2365.875015258789 0
1681686675883 2357.483154296875 0
1681686676052 2350.2472381591797 0
1681686676221 2343.9905700683594 0
1681686676392 2338.5364990234375 0
1681686676572 2333.733871459961 0
1681686676742 2329.462875366211 0
1681686676910 2325.628662109375 0
1681686677086 2322.157913208008 0
1681686677262 2318.992919921875 0
1681686677439 2316.087890625 0
1681686677615 2313.406280517578 0
1681686677792 2310.9186248779297 0
1681686677968 2308.600326538086 0
1681686678141 2306.4310913085938 0
1681686678315 2304.3945922851562 0
1681686678487 2302.4763793945312 0
1681686678661 2300.664520263672 0
1681686678832 2298.94873046875 0
1681686679004 2297.320343017578 0
1681686679179 2295.771530151367 0
1681686679353 2294.2957305908203 0
1681686686723 2636.824234008789 0
1681686686889 2503.9740600585938 0
1681686687050 2455.676712036133 0
1681686687214 2425.356399536133 0
1681686687380 2403.8977661132812 0
1681686687551 2387.84521484375 0
1681686687733 2375.353302001953 0
1681686687911 2365.308074951172 0
1681686688090 2357.0101928710938 0
1681686688262 2350.0033416748047 0
1681686688438 2343.9794921875 0
1681686688605 2338.7235565185547 0
1681686688774 2334.0802612304688 0
1681686688952 2329.9346313476562 0
1681686689129 2326.200637817383 0
1681686689298 2322.8101501464844 0
1681686689473 2319.7113037109375 0
1681686689648 2316.8619689941406 0
1681686689817 2314.2281494140625 0
1681686689983 2311.7822265625 0
1681686690148 2309.501190185547 0
1681686690315 2307.3660888671875 0
1681686690481 2305.360824584961 0
1681686690655 2303.4718627929688 0
1681686690834 2301.6875610351562 0
1681686691012 2299.9978942871094 0
1681686691182 2298.394241333008 0
1681686691360 2296.869140625 0
1681686691540 2295.4158477783203 0
1681686691718 2294.029098510742 0
