1682447477559 0.3 0
1682447478099 0.2771929824561403 0
1682447478642 0.2771929824561403 0
1682447479176 0.2754385964912281 0
1682447479713 0.2754385964912281 0
1682447480252 0.2754385964912281 0
1682447480806 0.28157894736842104 0
1682447481337 0.27982456140350875 0
1682447481875 0.2807017543859649 0
1682447482411 0.28157894736842104 0
1682447482955 0.28157894736842104 0
1682447483499 0.28157894736842104 0
1682447484043 0.28157894736842104 0
1682447484592 0.28157894736842104 0
1682447485127 0.28157894736842104 0
1682447485668 0.28157894736842104 0
1682447486206 0.28157894736842104 0
1682447486746 0.2850877192982456 0
1682447487303 0.2850877192982456 0
1682447487856 0.2912280701754386 0
1682447488401 0.3263157894736842 0
