1682042552883 0.0 0
1682042552925 0.00999726727604866 1
1682042552974 0.013410982675850391 2
1682042553019 0.011280014179646969 3
1682042553075 0.007195260841399431 4
1682042553132 0.0031647472642362118 5
1682042553178 0.0008204970508813858 6
1682042553222 0.0006700950325466692 7
1682042553267 0.00213091098703444 8
1682042553330 0.004323780536651611 9
1682042553371 0.0063343835063278675 10
1682042553411 0.007404660806059837 11
1682042553451 0.007244401145726442 12
1682042553490 0.006062848959118128 13
1682042553530 0.004361225292086601 14
1682042553570 0.0027572198305279016 15
1682042553609 0.001813541050069034 16
1682042553649 0.0018222376238554716 17
1682042553688 0.0027176211588084698 18
1682042553746 0.0041644214652478695 19
1682042553786 0.005686819553375244 20
1682042553826 0.006808519829064608 21
1682042553866 0.007216690108180046 22
1682042553905 0.006870675832033157 23
1682042553944 0.005983802489936352 24
1682042553990 0.0049249567091465 25
1682042554029 0.00409249123185873 26
1682042554069 0.0037724499125033617 27
1682042554109 0.004036309197545052 28
1682042554148 0.004734714049845934 29
1682042554188 0.005567776504904032 30
1682042554227 0.00620212871581316 31
1682042554266 0.0063955881632864475 32
1682042554307 0.0060898964293301105 33
1682042554347 0.005420978181064129 34
1682042554387 0.004653971176594496 35
1682042554427 0.004078769125044346 36
1682042554467 0.003893469925969839 37
1682042554506 0.004131212364882231 38
1682042554547 0.004656797740608454 39
1682042554586 0.005234072916209698 40
1682042554625 0.005624548997730017 41
1682042554665 0.005687494296580553 42
1682042554705 0.00543123297393322 43
1682042554745 0.004998491611331701 44
1682042554784 0.004598642699420452 45
1682042554823 0.004410354886204004 46
1682042554867 0.004507243167608976 47
1682042554913 0.0048308162949979305 48
1682042554960 0.00522560253739357 49
1682042555004 0.0055132219567894936 50
1682042555048 0.005574166774749756 51
1682042555092 0.005398513283580542 52
1682042555137 0.00508453231304884 53
1682042555181 0.004785629920661449 54
1682042555225 0.004635334480553865 55
1682042555270 0.0046875751577317715 56
1682042555315 0.004895723890513182 57
1682042555358 0.005143359769135714 58
1682042555403 0.005304022692143917 59
1682042555446 0.005304038058966398 60
1682042555490 0.0051565770991146564 61
1682042555533 0.004947690758854151 62
1682042555576 0.004788467660546303 63
1682042555618 0.004756507463753223 64
1682042555661 0.004859332460910082 65
1682042555705 0.005034949164837599 66
1682042555749 0.005188464652746916 67
1682042555791 0.00524439150467515 68
1682042555834 0.005182110704481602 69
1682042555885 0.005043730139732361 70
1682042555927 0.0049079423770308495 71
1682042555970 0.004845676943659782 72
1682042556019 0.0048818886280059814 73
1682042556062 0.004986596293747425 74
1682042556105 0.005093249026685953 75
1682042556148 0.00514141283929348 76
1682042556190 0.005108071491122246 77
1682042556233 0.00501757487654686 78
1682042556274 0.004926125518977642 79
1682042556316 0.004886847920715809 80
1682042556358 0.004920412320643663 81
1682042556402 0.005001968238502741 82
1682042556444 0.005083054769784212 83
1682042556494 0.005121915601193905 84
1682042556543 0.005100874695926905 85
1682042556588 0.005040878430008888 86
1682042556647 0.004983521532267332 87
1682042556702 0.004963192157447338 88
1682042556745 0.004989814478904009 89
1682042556790 0.005042183678597212 90
1682042556834 0.005084271542727947 91
1682042556876 0.005089180544018745 92
1682042556915 0.005054907873272896 93
1682042556956 0.005002868827432394 94
1682042556996 0.004963485524058342 95
1682042557036 0.004958055447787046 96
1682042557075 0.004985750652849674 97
1682042557115 0.005024382378906012 98
1682042557154 0.005047040991485119 99
1682042557187 0.005041270516812801 99
