1682039026271 114.14633178710938 0
1682039026294 114.14649963378906 1
1682039026318 114.14656066894531 2
1682039026338 114.14654541015625 3
1682039026361 114.14649963378906 4
1682039026383 114.14646911621094 5
1682039026403 114.14643859863281 6
1682039026422 114.14643859863281 7
1682039026441 114.14643859863281 8
1682039026459 114.14643859863281 9
1682039026478 114.14644622802734 10
1682039026497 114.14645385742188 11
1682039026515 114.14645385742188 12
1682039026534 114.14646911621094 13
1682039026553 114.14646911621094 14
1682039026571 114.146484375 15
1682039026589 114.14649200439453 16
1682039026608 114.14649200439453 17
1682039026627 114.146484375 18
1682039026646 114.14647674560547 19
1682039026665 114.14646911621094 20
1682039026683 114.14645385742188 21
1682039026702 114.14644622802734 22
1682039026720 114.14644622802734 23
1682039026739 114.14644622802734 24
1682039026757 114.14645385742188 25
1682039026775 114.1464614868164 26
1682039026794 114.14646911621094 27
1682039026814 114.14647674560547 28
1682039026834 114.146484375 29
1682039026854 114.146484375 30
1682039026877 114.146484375 31
1682039026898 114.14647674560547 32
1682039026920 114.14646911621094 33
1682039026942 114.14645385742188 34
1682039026963 114.14645385742188 35
1682039026984 114.14644622802734 36
1682039027005 114.14645385742188 37
1682039027025 114.1464614868164 38
1682039027046 114.14646911621094 39
1682039027066 114.14647674560547 40
1682039027087 114.14647674560547 41
1682039027107 114.14647674560547 42
1682039027128 114.14646911621094 43
1682039027148 114.14646911621094 44
1682039027169 114.1464614868164 45
1682039027189 114.1464614868164 46
1682039027209 114.1464614868164 47
1682039027228 114.1464614868164 48
1682039027248 114.1464614868164 49
