1681143547069 2636.320541381836 0
1681143547328 2496.1599731445312 0
1681143547496 2455.7412109375 0
1681143547664 2429.1826171875 0
1681143547835 2409.403305053711 0
1681143548009 2393.5673828125 0
1681143548182 2380.2535400390625 0
1681143548358 2368.880569458008 0
1681143548529 2359.230438232422 0
1681143548700 2351.074005126953 0
1681143548873 2344.1395263671875 0
1681143549048 2338.1785888671875 0
1681143549215 2332.9900970458984 0
1681143549382 2328.420883178711 0
1681143549552 2324.3549194335938 0
1681143549723 2320.702926635742 0
1681143549894 2317.3967895507812 0
1681143550065 2314.382049560547 0
1681143550236 2311.6166381835938 0
1681143550405 2309.0660095214844 0
1681143550569 2306.7015838623047 0
1681143550733 2304.5009155273438 0
1681143550896 2302.4446563720703 0
1681143551063 2300.5166015625 0
1681143551226 2298.702682495117 0
1681143551392 2296.9920043945312 0
1681143551566 2295.3739318847656 0
1681143551740 2293.840591430664 0
1681143551912 2292.3838958740234 0
1681143552082 2290.9976501464844 0
