1681691874860 749.0 0
1681691875036 723.0 0
1681691875211 721.0 0
1681691875390 723.0 0
1681691875569 714.0 0
1681691875749 707.0 0
1681691875930 708.0 0
1681691876110 708.0 0
1681691876291 708.0 0
1681691876471 707.0 0
1681691876654 710.0 0
1681691876835 706.0 0
1681691877015 712.0 0
1681691877196 712.0 0
1681691877377 712.0 0
1681691877558 714.0 0
1681691877738 715.0 0
1681691877919 715.0 0
1681691878100 715.0 0
1681691878281 715.0 0
1681691878461 717.0 0
1681691878641 717.0 0
1681691878821 717.0 0
1681691879003 717.0 0
1681691879185 719.0 0
1681691879366 719.0 0
1681691879556 719.0 0
1681691879748 719.0 0
1681691879940 719.0 0
1681691880128 719.0 0
1681691880314 719.0 0
1681691880497 719.0 0
1681691880678 719.0 0
1681691880875 719.0 0
1681691881057 719.0 0
1681691881237 719.0 0
1681691881418 719.0 0
1681691881598 719.0 0
1681691881780 719.0 0
1681691881961 719.0 0
1681691882141 719.0 0
1681691882323 718.0 0
1681691882504 718.0 0
1681691882686 718.0 0
1681691882866 718.0 0
1681691883048 718.0 0
1681691883229 718.0 0
1681691883412 718.0 0
1681691883592 718.0 0
1681691883773 718.0 0
