1681687208763 0.18358119608033993 0
1681687208941 0.2641631949922716 0
1681687209119 0.30766176187034544 0
1681687209303 0.3307735116834858 0
1681687209479 0.34427082556445965 0
1681687209654 0.3528162044553077 0
1681687209831 0.3585414522978164 0
1681687210007 0.3625280171244002 0
1681687210183 0.36537532203429357 0
1681687210360 0.3674397994662575 0
1681687210540 0.368945631588947 0
1681687210720 0.3700403279709069 0
1681687210896 0.3708246759042139 0
1681687211074 0.37136973226569514 0
1681687211250 0.3717269965237592 0
1681687211428 0.3719346101329392 0
1681687211605 0.3720214221697522 0
1681687211781 0.37200967546134106 0
1681687211957 0.3719167559094847 0
1681687212133 0.3717564429596899 0
1681687212312 0.3715398522390029 0
1681687212488 0.37127602595036124 0
1681687212665 0.37097237163370467 0
1681687212841 0.3706349610253783 0
1681687213018 0.3702690809825977 0
1681687213204 0.3698789115430108 0
1681687213395 0.3694682416310931 0
1681687213581 0.36904021523257446 0
1681687213769 0.3685975570426965 0
1681687213953 0.3681425495311287 0
