1681686714082 2630.571746826172 0
1681686714252 2505.3995361328125 0
1681686714416 2452.6908569335938 0
1681686714580 2420.9246673583984 0
1681686714747 2399.338897705078 0
1681686714920 2383.4937591552734 0
1681686715099 2371.231460571289 0
1681686715264 2361.3746337890625 0
1681686715433 2353.221694946289 0
1681686715609 2346.326690673828 0
1681686715783 2340.3909912109375 0
1681686715968 2335.205780029297 0
1681686716142 2330.6212005615234 0
1681686716319 2326.5257110595703 0
1681686716496 2322.8341064453125 0
1681686716670 2319.4817810058594 0
1681686716852 2316.4170532226562 0
1681686717025 2313.598403930664 0
1681686717196 2310.9930267333984 0
1681686717362 2308.573532104492 0
1681686717530 2306.317337036133 0
1681686717705 2304.2056274414062 0
1681686717873 2302.2230377197266 0
1681686718041 2300.355453491211 0
1681686718207 2298.5918884277344 0
1681686718372 2296.922393798828 0
1681686718536 2295.338348388672 0
1681686718702 2293.8325805664062 0
1681686718868 2292.3983459472656 0
1681686719034 2291.0303497314453 0
1681687208729 2618.5673828125 0
1681687208916 2493.5563201904297 0
1681687209095 2443.876724243164 0
1681687209278 2413.2488555908203 0
1681687209456 2392.7784576416016 0
1681687209631 2377.843994140625 0
1681687209808 2366.282684326172 0
1681687209984 2356.964584350586 0
1681687210160 2349.2340698242188 0
1681687210337 2342.679229736328 0
1681687210515 2337.0255737304688 0
1681687210696 2332.0804138183594 0
1681687210873 2327.7056884765625 0
1681687211051 2323.797409057617 0
1681687211227 2320.2767028808594 0
1681687211405 2317.0824279785156 0
1681687211582 2314.1652221679688 0
1681687211757 2311.4867248535156 0
1681687211934 2309.0145874023438 0
1681687212110 2306.722625732422 0
1681687212289 2304.5896911621094 0
1681687212465 2302.596893310547 0
1681687212642 2300.729049682617 0
1681687212818 2298.973190307617 0
1681687212995 2297.317337036133 0
1681687213180 2295.7528076171875 0
1681687213371 2294.2703857421875 0
1681687213557 2292.8631744384766 0
1681687213745 2291.5247192382812 0
1681687213930 2290.2491302490234 0
