1681658510398 2643.09375 0
1681658566775 2595.5084228515625 0
1681658607477 2648.157669067383 0
1681658640223 2603.7259979248047 0
1681658756377 2543.481231689453 0
1681658817204 2641.2241821289062 0
1681658910207 2598.385528564453 0
1681659029073 2607.4805450439453 0
1681659089699 2616.077667236328 0
1681659113818 2479.3536376953125 0
1681659135831 2577.460403442383 0
1681659361129 2637.1600189208984 0
1681659454615 2616.0349884033203 0
1681659467892 2612.7214965820312 0
1681659514954 2605.775161743164 0
1681659542802 2615.5838012695312 0
1681659570708 2617.4920654296875 0
1681659572603 2563.7869720458984 0
1681659582034 2623.4005126953125 0
1681659860142 2664.2772369384766 0
1681659920376 2627.8017578125 0
1681659941158 2594.9061431884766 0
1681660281589 2621.2584381103516 0
1681660389440 2616.448028564453 0
1681660397892 2593.2689666748047 0
1681660510288 2614.2716522216797 0
