1681691688763 0.35239643464108195 0
1681691688939 0.38673996294109597 0
1681691689117 0.39858456151840904 0
1681691689298 0.4033891424196964 0
1681691689476 0.4052830824815253 0
1681691689658 0.4057837283369347 0
1681691689841 0.4055294129686049 0
1681691690021 0.4048327512931845 0
1681691690202 0.4038753977671215 0
1681691690383 0.4027691253171505 0
1681691690565 0.4015821899170021 0
1681691690745 0.40035598097142167 0
1681691690927 0.39911541211605983 0
1681691691110 0.39787559061634536 0
1681691691293 0.3966457047219789 0
1681691691483 0.3954312428557351 0
1681691691674 0.39423547389649005 0
1681691691865 0.39306025876155837 0
1681691692051 0.3919065926255463 0
1681691692233 0.39077493763441984 0
1681691692416 0.3896652917645159 0
1681691692596 0.3885774858272282 0
1681691692779 0.38751137679924724 0
1681691692961 0.3864665564409758 0
1681691693170 0.3854425832217586 0
1681691693360 0.38443906340829814 0
1681691693541 0.3834555447819219 0
1681691693721 0.38249172191387815 0
1681691693902 0.3815467472161857 0
1681691694085 0.3806208527142466 0
