1681175686789 79383619.81223324 0
1681175686961 77579117.29597957 0
1681175687129 79383619.93473907 0
1681175687293 63435522.350610666 0
1681175687460 79383642.98353913 0
1681175687627 66998272.15372992 0
1681175687792 79383713.77588435 0
1681175687962 79383996.26222354 0
1681175688132 56375817.81873002 0
1681175688307 73898948.41668947 0
1681175688477 68228356.16254237 0
1681175688645 73898932.20402916 0
1681175688813 66112430.302304395 0
1681175688981 73897942.46009327 0
1681175689152 73897443.40867746 0
1681175689328 72168958.81036001 0
1681175689499 63129624.77884264 0
1681175689670 79383619.61856896 0
1681175689839 79383619.61856896 0
1681175690008 79383620.37930176 0
1681175690176 79384113.38483295 0
1681175690346 67118068.84335023 0
1681175690514 79384112.68830113 0
1681175690681 66039558.39478957 0
1681175690847 79383619.65066727 0
1681175691014 72126442.61720915 0
1681175691184 71278795.95672144 0
1681175691352 72566171.06571813 0
1681175691518 79383619.65066727 0
1681175691685 73429673.5376001 0
1681175766258 0.19769076594529356 0
1681175766436 0.2449290305871446 0
1681175766606 0.27615252780567184 0
1681175766777 0.29630424665090205 0
1681175766953 0.3083667979733643 0
1681175767136 0.31603971629706773 0
1681175767320 0.3212744389302729 0
1681175767496 0.3250506949590348 0
1681175767666 0.32788621232411974 0
1681175767839 0.3300760365209115 0
1681175768009 0.3318008606360253 0
1681175768191 0.33317822483734066 0
1681175768363 0.3342884896045704 0
1681175768530 0.33518886743258575 0
1681175768695 0.33592135566812065 0
1681175768860 0.33651778064905435 0
1681175769028 0.33700273901709765 0
1681175769195 0.33739552787667176 0
1681175769368 0.3377117672590418 0
1681175769546 0.3379640815396037 0
1681175769728 0.33816286610693075 0
1681175769910 0.3383167784653496 0
1681175770091 0.33843305895409886 0
1681175770270 0.33851793501239485 0
1681175770468 0.33857640659314064 0
1681175770644 0.33861291291963547 0
1681175770811 0.33863157254026294 0
1681175770983 0.3386353119380828 0
1681175771161 0.3386267271264712 0
1681175771338 0.3386088325682099 0
1681175809979 0.31293330261286917 0
1681175810143 0.3527675352495434 0
1681175810310 0.36901423395753047 0
1681175810474 0.377195369602838 0
1681175810642 0.3814122791824077 0
1681175810809 0.3833774067341344 0
1681175810977 0.38413448337003575 0
1681175811147 0.38430176323437965 0
1681175811336 0.38417745659536096 0
1681175811514 0.3838928631143611 0
1681175811692 0.3835075274159737 0
1681175811865 0.38305133560427673 0
1681175812039 0.3825415094596973 0
1681175812208 0.38198946362899067 0
1681175812389 0.3814037205772072 0
1681175812572 0.380791109797033 0
1681175812749 0.3801573909864212 0
1681175812914 0.3795074053687622 0
1681175813082 0.3788453921325145 0
1681175813262 0.37817504167883725 0
1681175813446 0.37749956402538676 0
1681175813629 0.37682149895512473 0
1681175813814 0.37614344618722306 0
1681175813992 0.3754671412931614 0
1681175814185 0.3747945095629825 0
1681175814366 0.3741269409160589 0
1681175814545 0.3734657989359344 0
1681175814725 0.37281181128306434 0
1681175814908 0.3721661517830678 0
1681175815094 0.3715294483820548 0
