1681172482985 2665.3729858398438 0
1681172483262 2540.281478881836 0
1681172483439 2481.062728881836 0
1681172483612 2439.865005493164 0
1681172483809 2413.1227264404297 0
1681172483983 2394.4520263671875 0
1681172484154 2380.4105834960938 0
1681172484328 2369.307907104492 0
1681172484498 2360.2241821289062 0
1681172484678 2352.60595703125 0
1681172484858 2346.0953674316406 0
1681172485031 2340.4471130371094 0
1681172485202 2335.4854278564453 0
1681172485374 2331.0798950195312 0
1681172485544 2327.1321716308594 0
1681172485716 2323.5660705566406 0
1681172485886 2320.3218536376953 0
1681172486058 2317.3514404296875 0
1681172486229 2314.6162109375 0
1681172486398 2312.0851440429688 0
1681172486567 2309.7322540283203 0
1681172486740 2307.535919189453 0
1681172486917 2305.478530883789 0
1681172487087 2303.5442962646484 0
1681172487259 2301.7203979492188 0
1681172487437 2299.9959106445312 0
1681172487618 2298.361099243164 0
1681172487798 2296.8076782226562 0
1681172487968 2295.328628540039 0
1681172488143 2293.9173278808594 0
1681173655858 2623.4811401367188 0
1681173656038 2500.606002807617 0
1681173656205 2454.4867248535156 0
1681173656377 2425.170700073242 0
1681173656534 2403.5789489746094 0
1681173656691 2386.642364501953 0
1681173656848 2373.0557708740234 0
1681173657011 2362.0233764648438 0
1681173657170 2352.9371032714844 0
1681173657336 2345.3328247070312 0
1681173657507 2338.8675537109375 0
1681173657683 2333.2913360595703 0
1681173657846 2328.421844482422 0
1681173658010 2324.1221771240234 0
1681173658170 2320.2898864746094 0
1681173658333 2316.844924926758 0
1681173658500 2313.725631713867 0
1681173658668 2310.8831176757812 0
1681173658830 2308.2772064208984 0
1681173658988 2305.876190185547 0
1681173659150 2303.653518676758 0
1681173659312 2301.5872497558594 0
1681173659480 2299.6593170166016 0
1681173659647 2297.8536987304688 0
1681173659814 2296.1578826904297 0
1681173659982 2294.5603790283203 0
1681173660153 2293.051544189453 0
1681173660322 2291.6231689453125 0
1681173660481 2290.267776489258 0
1681173660642 2288.979263305664 0
1681173681345 2622.934616088867 0
1681173681501 2499.8933868408203 0
1681173681672 2460.647659301758 0
1681173681834 2435.955520629883 0
1681173681990 2418.436233520508 0
1681173682150 2405.137893676758 0
1681173682333 2394.563018798828 0
1681173682503 2385.841751098633 0
1681173682668 2378.4180297851562 0
1681173682837 2371.908950805664 0
1681173682998 2366.0386352539062 0
1681173683159 2360.6071014404297 0
1681173683320 2355.4712677001953 0
1681173683485 2350.5342712402344 0
1681173683648 2345.740036010742 0
1681173683807 2341.0775451660156 0
1681173683966 2336.579345703125 0
1681173684126 2332.302520751953 0
1681173684284 2328.2979736328125 0
1681173684444 2324.5885009765625 0
1681173684604 2321.172348022461 0
1681173684763 2318.030242919922 0
1681173684923 2315.1366271972656 0
1681173685086 2312.463348388672 0
1681173685247 2309.9853515625 0
1681173685407 2307.6793670654297 0
1681173685568 2305.525390625 0
1681173685728 2303.506149291992 0
1681173685889 2301.6072540283203 0
1681173686049 2299.8160552978516 0
1681173704697 2654.9835357666016 0
1681173704853 2527.615020751953 0
1681173705009 2473.558090209961 0
1681173705176 2442.635299682617 0
1681173705342 2421.7962188720703 0
1681173705509 2406.3551025390625 0
1681173705672 2394.232940673828 0
1681173705840 2384.3018646240234 0
1681173706007 2375.8189239501953 0
1681173706166 2368.2249145507812 0
1681173706326 2361.137924194336 0
1681173706493 2354.4292907714844 0
1681173706655 2348.180465698242 0
1681173706815 2342.498504638672 0
1681173706976 2337.4080810546875 0
1681173707149 2332.8636627197266 0
1681173707309 2328.792984008789 0
1681173707471 2325.1238403320312 0
1681173707631 2321.7926330566406 0
1681173707791 2318.746871948242 0
1681173707952 2315.9444274902344 0
1681173708112 2313.351272583008 0
1681173708271 2310.938751220703 0
1681173708430 2308.6847229003906 0
1681173708594 2306.5702209472656 0
1681173708754 2304.5792846679688 0
1681173708914 2302.699447631836 0
1681173709076 2300.918716430664 0
1681173709242 2299.2283477783203 0
1681173709402 2297.6200103759766 0
