1682537223110 0.24093718125451452 0
1682537224046 0.31250757601592155 0
1682537224991 0.34400347833161526 0
1682537225955 0.36061792107000634 0
1682537226917 0.3702523977120318 0
1682537227872 0.37606005045357493 0
1682537228821 0.3795276166470284 0
1682537229796 0.38144739139802575 0
1682537230779 0.3823283083122432 0
1682537231745 0.38273543746142635 0
1682537232706 0.383003039438775 0
1682537233676 0.38302999878591193 0
1682537234639 0.3827122657899363 0
1682537235587 0.3820524768351695 0
1682537236534 0.381108801627128 0
1682537237486 0.37996168665098473 0
1682537238439 0.37869427549575796 0
1682537239368 0.37737866949555415 0
1682537240309 0.3760682654038422 0
1682537241271 0.37479717613109786 0
1682537242238 0.3735838585452189 0
1682537243182 0.37243605372873734 0
1682537244106 0.37135500115338 0
1682537245041 0.3703384586549475 0
1682537246002 0.36938262829212376 0
1682537246958 0.36848319982176814 0
1682537247922 0.3676357754461448 0
1682537248878 0.3668361741119533 0
1682537249829 0.36608050705964146 0
1682537250795 0.36536509370763703 0
