1682537222346 2636.7442169189453 0
1682537223299 2543.554931640625 0
1682537224232 2518.5477600097656 0
1682537225189 2504.4818267822266 0
1682537226151 2494.872024536133 0
1682537227113 2487.4981231689453 0
1682537228065 2481.240707397461 0
1682537229019 2475.352523803711 0
1682537229992 2469.1346588134766 0
1682537230975 2462.0574645996094 0
1682537231939 2454.5237731933594 0
1682537232901 2447.5474243164062 0
1682537233874 2441.7000274658203 0
1682537234827 2437.000457763672 0
1682537235773 2433.266067504883 0
1682537236728 2430.2975158691406 0
1682537237681 2427.9234466552734 0
1682537238624 2426.0068359375 0
1682537239552 2424.440887451172 0
1682537240505 2423.144821166992 0
1682537241472 2422.0577697753906 0
1682537242430 2421.1353912353516 0
1682537243364 2420.3438110351562 0
1682537244288 2419.6592864990234 0
1682537245237 2419.0626220703125 0
1682537246199 2418.540313720703 0
1682537247155 2418.0804290771484 0
1682537248116 2417.6744689941406 0
1682537249067 2417.314010620117 0
1682537250019 2416.993453979492 0
