1682537222720 0.32583333333333336 0
1682537223667 0.35200000000000004 0
1682537224604 0.3635 0
1682537225559 0.3631666666666667 0
1682537226535 0.36800000000000005 0
1682537227491 0.3726666666666667 0
1682537228427 0.36800000000000005 0
1682537229401 0.3681666666666666 0
1682537230377 0.37866666666666665 0
1682537231347 0.3838333333333333 0
1682537232315 0.40633333333333327 0
1682537233276 0.3945 0
1682537234252 0.41250000000000003 0
1682537235208 0.41616666666666663 0
1682537236140 0.42416666666666675 0
1682537237094 0.4326666666666667 0
1682537238055 0.43566666666666665 0
1682537238989 0.4218333333333333 0
1682537239921 0.41816666666666663 0
1682537240885 0.4355 0
1682537241842 0.43500000000000005 0
1682537242796 0.4375 0
1682537243726 0.45249999999999996 0
1682537244655 0.4303333333333333 0
1682537245610 0.44766666666666666 0
1682537246572 0.4698333333333334 0
1682537247530 0.426 0
1682537248493 0.4218333333333333 0
1682537249437 0.429 0
1682537250396 0.4355 0
