1682537223090 0.327 0
1682537224026 0.3593333333333333 0
1682537224970 0.3575 0
1682537225933 0.37366666666666665 0
1682537226897 0.3756666666666666 0
1682537227851 0.38400000000000006 0
1682537228799 0.3786666666666667 0
1682537229775 0.3725 0
1682537230757 0.3741666666666667 0
1682537231723 0.3841666666666667 0
1682537232685 0.4066666666666667 0
1682537233656 0.3998333333333333 0
1682537234619 0.4123333333333333 0
1682537235567 0.4071666666666667 0
1682537236513 0.4176666666666667 0
1682537237465 0.41466666666666674 0
1682537238419 0.42616666666666675 0
1682537239348 0.43149999999999994 0
1682537240288 0.4123333333333334 0
1682537241250 0.4363333333333333 0
1682537242217 0.432 0
1682537243161 0.43599999999999994 0
1682537244086 0.4608333333333334 0
1682537245020 0.4353333333333332 0
1682537245981 0.447 0
1682537246937 0.4765 0
1682537247901 0.443 0
1682537248858 0.4373333333333333 0
1682537249808 0.4296666666666667 0
1682537250773 0.4335 0
