1682048095297 0.0 0
1682048095345 -0.09990566223859787 1
1682048095393 -0.199801966547966 2
1682048095452 -0.2996584177017212 3
1682048095508 -0.3994237780570984 4
1682048095554 -0.49897849559783936 5
1682048095605 -0.5981332063674927 6
1682048095661 -0.696736216545105 7
1682048095715 -0.7948105931282043 8
1682048095761 -0.8927167654037476 9
1682048095814 -0.9909911751747131 10
1682048095871 -1.0900391340255737 11
1682048095916 -1.190147042274475 12
1682048095961 -1.2915279865264893 13
1682048096005 -1.3943514823913574 14
1682048096049 -1.4987597465515137 15
1682048096091 -1.6048731803894043 16
1682048096132 -1.7127883434295654 17
1682048096172 -1.8225679397583008 18
1682048096213 -1.9342247247695923 19
1682048096262 -2.047699451446533 20
1682048096305 -2.1628358364105225 21
1682048096358 -2.279355049133301 22
1682048096413 -2.3968350887298584 23
1682048096458 -2.514702796936035 24
1682048096504 -2.6322426795959473 25
1682048096548 -2.7486281394958496 26
1682048096592 -2.862973690032959 27
1682048096633 -2.9743971824645996 28
1682048096674 -3.0820846557617188 29
1682048096714 -3.18534255027771 30
1682048096753 -3.283630847930908 31
1682048096797 -3.3765742778778076 32
1682048096845 -3.4639573097229004 33
1682048096887 -3.5457046031951904 34
1682048096930 -3.621857166290283 35
1682048096972 -3.6925466060638428 36
1682048097015 -3.7579703330993652 37
1682048097064 -3.818371295928955 38
1682048097111 -3.8740203380584717 39
1682048097160 -3.9252030849456787 40
1682048097207 -3.972210645675659 41
1682048097255 -4.015331268310547 42
1682048097297 -4.054846286773682 43
1682048097339 -4.0910258293151855 44
1682048097379 -4.124126434326172 45
1682048097419 -4.154391288757324 46
1682048097459 -4.1820478439331055 47
1682048097499 -4.207309246063232 48
1682048097539 -4.230372905731201 49
1682048097570 -4.251422882080078 49
