1682048095265 97.08769226074219 0
1682048095318 97.08785247802734 1
1682048095363 97.08805084228516 2
1682048095414 97.08829498291016 3
1682048095474 97.08858489990234 4
1682048095527 97.08893585205078 5
1682048095572 97.0893783569336 6
1682048095626 97.08990478515625 7
1682048095680 97.09054565429688 8
1682048095733 97.0913314819336 9
1682048095778 97.09230041503906 10
1682048095835 97.09351348876953 11
1682048095888 97.09500885009766 12
1682048095933 97.09688568115234 13
1682048095978 97.09919738769531 14
1682048096022 97.10203552246094 15
1682048096066 97.1054916381836 16
1682048096107 97.1096420288086 17
1682048096148 97.11455535888672 18
1682048096188 97.1202621459961 19
1682048096232 97.12677764892578 20
1682048096278 97.13406372070312 21
1682048096323 97.14205169677734 22
1682048096380 97.15062713623047 23
1682048096430 97.15962982177734 24
1682048096476 97.16887664794922 25
1682048096520 97.17820739746094 26
1682048096565 97.18742370605469 27
1682048096608 97.19637298583984 28
1682048096650 97.20491027832031 29
1682048096690 97.21295166015625 30
1682048096730 97.22041320800781 31
1682048096770 97.2272720336914 32
1682048096815 97.2334976196289 33
1682048096861 97.2391128540039 34
1682048096905 97.24413299560547 35
1682048096947 97.24860382080078 36
1682048096989 97.25255584716797 37
1682048097033 97.25604248046875 38
1682048097082 97.25910186767578 39
1682048097129 97.26179504394531 40
1682048097178 97.26415252685547 41
1682048097227 97.26622009277344 42
1682048097272 97.26803588867188 43
1682048097314 97.26962280273438 44
1682048097355 97.2710189819336 45
1682048097395 97.2722396850586 46
1682048097435 97.27332305908203 47
1682048097475 97.2742691040039 48
1682048097515 97.27511596679688 49
1682048097547 97.27511596679688 49
