1682048095291 0.0 0
1682048095339 -0.09992837905883789 1
1682048095386 -0.19989153742790222 2
1682048095444 -0.29991045594215393 3
1682048095502 -0.40000903606414795 4
1682048095548 -0.500200629234314 5
1682048095598 -0.6004795432090759 6
1682048095653 -0.70084148645401 7
1682048095708 -0.801325798034668 8
1682048095755 -0.9020770192146301 9
1682048095807 -1.0033223628997803 10
1682048095865 -1.1052836179733276 11
1682048095910 -1.2081602811813354 12
1682048095956 -1.3121299743652344 13
1682048096000 -1.4173504114151 14
1682048096044 -1.5239592790603638 15
1682048096087 -1.6320710182189941 16
1682048096127 -1.7417685985565186 17
1682048096168 -1.8530902862548828 18
1682048096208 -1.966011643409729 19
1682048096257 -2.0804240703582764 20
1682048096300 -2.1961119174957275 21
1682048096351 -2.312732219696045 22
1682048096407 -2.4298040866851807 23
1682048096452 -2.546710252761841 24
1682048096498 -2.6627185344696045 25
1682048096542 -2.777021646499634 26
1682048096587 -2.888791084289551 27
1682048096628 -2.9972357749938965 28
1682048096670 -3.1016552448272705 29
1682048096709 -3.201477527618408 30
1682048096749 -3.296278715133667 31
1682048096791 -3.3857853412628174 32
1682048096840 -3.469862222671509 33
1682048096882 -3.5484931468963623 34
1682048096925 -3.621757984161377 35
1682048096967 -3.689809560775757 36
1682048097009 -3.7528533935546875 37
1682048097058 -3.8111305236816406 38
1682048097105 -3.8649027347564697 39
1682048097154 -3.914442777633667 40
1682048097202 -3.9600253105163574 41
1682048097250 -4.001921653747559 42
1682048097293 -4.040395259857178 43
1682048097334 -4.0756988525390625 44
1682048097375 -4.1080732345581055 45
1682048097415 -4.137745380401611 46
1682048097454 -4.164928913116455 47
1682048097494 -4.189823150634766 48
1682048097534 -4.2126145362854 49
1682048097566 -4.233475208282471 49
