1682042552892 0.0 0
1682042552938 0.009997026063501835 1
1682042552985 0.013221442699432373 2
1682042553031 0.011171145364642143 3
1682042553087 0.007494261022657156 4
1682042553143 0.004469429142773151 5
1682042553187 0.0036356067284941673 6
1682042553232 0.0048873210325837135 7
1682042553277 0.007327137514948845 8
1682042553340 0.009931459091603756 9
1682042553380 0.011712238192558289 10
1682042553420 0.012115112505853176 11
1682042553460 0.011243063025176525 12
1682042553499 0.009609172120690346 13
1682042553539 0.007890187203884125 14
1682042553579 0.006740432698279619 15
1682042553618 0.006541035603731871 16
1682042553657 0.007262337487190962 17
1682042553697 0.008553062565624714 18
1682042553754 0.009898301213979721 19
1682042553795 0.010789833962917328 20
1682042553835 0.010922707617282867 21
1682042553875 0.010307089425623417 22
1682042553914 0.009224241599440575 23
1682042553952 0.008102625608444214 24
1682042553998 0.007362498436123133 25
1682042554039 0.007250429131090641 26
1682042554078 0.007748524192720652 27
1682042554118 0.00860708300024271 28
1682042554157 0.0094559071585536 29
1682042554197 0.009951230138540268 30
1682042554236 0.009916584007441998 31
1682042554275 0.009406465105712414 32
1682042554316 0.008665370754897594 33
1682042554357 0.008017139509320259 34
1682042554396 0.007726484909653664 35
1682042554436 0.007886411622166634 36
1682042554475 0.008388739079236984 37
1682042554515 0.008984660729765892 38
1682042554556 0.009400185197591782 39
1682042554595 0.009459654800593853 40
1682042554634 0.009160300716757774 41
1682042554674 0.008661866188049316 42
1682042554714 0.00820381473749876 43
1682042554754 0.007990654557943344 44
1682042554792 0.008097650483250618 45
1682042554833 0.008443755097687244 46
1682042554878 0.00884109828621149 47
1682042554925 0.009092001244425774 48
1682042554970 0.009086137637495995 49
1682042555014 0.008849217556416988 50
1682042555058 0.00852051842957735 51
1682042555102 0.00827543530613184 52
1682042555147 0.008234227076172829 53
1682042555190 0.008404115214943886 54
1682042555235 0.00868362095206976 55
1682042555280 0.008922788314521313 56
1682042555325 0.009004823863506317 57
1682042555369 0.008905206806957722 58
1682042555413 0.00869759451597929 59
1682042555457 0.008506791666150093 60
1682042555500 0.008437467738986015 61
1682042555543 0.008518673479557037 62
1682042555585 0.008693860843777657 63
1682042555628 0.008858920074999332 64
1682042555671 0.008923882618546486 65
1682042555715 0.00886230543255806 66
1682042555758 0.0087211262434721 67
1682042555801 0.008588108234107494 68
1682042555844 0.00853839609771967 69
1682042555895 0.008592301979660988 70
1682042555936 0.008708063513040543 71
1682042555980 0.00881133507937193 72
1682042556029 0.008841510862112045 73
1682042556072 0.0087863989174366 74
1682042556115 0.008685429580509663 75
1682042556157 0.008601772598922253 76
1682042556200 0.008582350797951221 77
1682042556242 0.008630789816379547 78
1682042556283 0.008708848617970943 79
1682042556325 0.008763403631746769 80
1682042556368 0.008760562166571617 81
1682042556412 0.008705256506800652 82
1682042556455 0.008635097183287144 83
1682042556507 0.008594184182584286 84
1682042556553 0.00860476866364479 85
1682042556605 0.00865486916154623 86
1682042556664 0.008708680048584938 87
1682042556712 0.008731532841920853 88
1682042556756 0.00871225818991661 89
1682042556800 0.008668612688779831 90
1682042556843 0.008633293211460114 91
1682042556884 0.008631053380668163 92
1682042556925 0.008662679232656956 93
1682042556965 0.008706111460924149 94
1682042557005 0.00873288232833147 95
1682042557045 0.008727801963686943 96
1682042557084 0.008698305115103722 97
1682042557124 0.008667666465044022 98
1682042557163 0.00865773856639862 99
1682042557196 0.008673837408423424 99
