1682042552890 0.0 0
1682042552934 -0.009992837905883789 1
1682042552982 -0.0054982611909508705 2
1682042553028 -0.00018226541578769684 3
1682042553084 0.001987465424463153 4
1682042553140 0.0007670345949009061 5
1682042553185 -0.002141027245670557 6
1682042553230 -0.0051980894058942795 7
1682042553275 -0.007012067828327417 8
1682042553338 -0.00701024429872632 9
1682042553378 -0.0055833677761256695 10
1682042553418 -0.0035099710803478956 11
1682042553457 -0.0016710561467334628 12
1682042553497 -0.0007921707583591342 13
1682042553537 -0.001106531941331923 14
1682042553577 -0.0023462767712771893 15
1682042553616 -0.003962418995797634 16
1682042553655 -0.005317409988492727 17
1682042553695 -0.005910639185458422 18
1682042553752 -0.005590908695012331 19
1682042553792 -0.004570657853037119 20
1682042553832 -0.0032921957317739725 21
1682042553873 -0.0022627089638262987 22
1682042553912 -0.0018610970582813025 23
1682042553950 -0.00218366296030581 24
1682042553996 -0.003034804482012987 25
1682042554036 -0.00403271708637476 26
1682042554076 -0.004762447439134121 27
1682042554116 -0.0049452707171440125 28
1682042554155 -0.004550490994006395 29
1682042554194 -0.0037862539757043123 30
1682042554234 -0.0029967986047267914 31
1682042554273 -0.002515691565349698 32
1682042554313 -0.002522128401324153 33
1682042554354 -0.0029715162236243486 34
1682042554394 -0.003632107051089406 35
1682042554434 -0.0041959453374147415 36
1682042554473 -0.004417952615767717 37
1682042554513 -0.004224145319312811 38
1682042554553 -0.003733942285180092 39
1682042554593 -0.003192748874425888 40
1682042554632 -0.0028529700357466936 41
1682042554671 -0.0028552780859172344 42
1682042554712 -0.00316856917925179 43
1682042554751 -0.0036165399942547083 44
1682042554790 -0.00397087074816227 45
1682042554830 -0.004065200220793486 46
1682042554875 -0.0038735694251954556 47
1682042554922 -0.0035140602849423885 48
1682042554967 -0.0031805315520614386 49
1682042555012 -0.0030403309501707554 50
1682042555055 -0.0031501860357820988 51
1682042555100 -0.003434161189943552 52
1682042555144 -0.003731765318661928 53
1682042555188 -0.0038872673176229 54
1682042555233 -0.0038318848237395287 55
1682042555277 -0.0036146549973636866 56
1682042555322 -0.003368023317307234 57
1682042555366 -0.0032303743064403534 58
1682042555410 -0.003269765293225646 59
1682042555454 -0.003450996708124876 60
1682042555498 -0.0036622846964746714 61
1682042555541 -0.0037832753732800484 62
1682042555583 -0.0037538246251642704 63
1682042555625 -0.0036042286083102226 64
1682042555669 -0.0034314021468162537 65
1682042555713 -0.0033380843233317137 66
1682042555756 -0.003372380044311285 67
1682042555799 -0.0035032755695283413 68
1682042555841 -0.0036448328755795956 69
1682042555892 -0.003711416618898511 70
1682042555934 -0.0036692044232040644 71
1682042555977 -0.0035529090091586113 72
1682042556027 -0.0034395854454487562 73
1682042556069 -0.0033981110900640488 74
1682042556112 -0.0034472292754799128 75
1682042556155 -0.0035474698524922132 76
1682042556197 -0.0036303726956248283 77
1682042556240 -0.0036439516115933657 78
1682042556281 -0.0035844966769218445 79
1682042556323 -0.003495369805023074 80
1682042556365 -0.0034355155657976866 81
1682042556409 -0.0034402625169605017 82
1682042556452 -0.00349994539283216 83
1682042556503 -0.003569736611098051 84
1682042556551 -0.003602263517677784 85
1682042556600 -0.003579030279070139 86
1682042556660 -0.0035206268075853586 87
1682042556710 -0.003469865769147873 88
1682042556754 -0.003460930660367012 89
1682042556797 -0.0034968778491020203 90
1682042556841 -0.0035499201621860266 91
1682042556882 -0.0035829097032546997 92
1682042556922 -0.0035757292062044144 93
1682042556963 -0.003537910059094429 94
1682042557002 -0.0034995130263268948 95
1682042557043 -0.0034882444888353348 96
1682042557082 -0.0035100611858069897 97
1682042557121 -0.0035467646084725857 98
1682042557161 -0.0035709349904209375 99
1682042557193 -0.003566317493095994 99
