1682042552878 0.0 0
1682042552919 0.009999576024711132 1
1682042552970 0.01987798884510994 2
1682042553014 0.02949989028275013 3
1682042553068 0.03867189958691597 4
1682042553126 0.047135986387729645 5
1682042553172 0.0545855350792408 6
1682042553217 0.06071808189153671 7
1682042553262 0.06531514972448349 8
1682042553325 0.06830283999443054 9
1682042553366 0.06975454837083817 10
1682042553406 0.0698462650179863 11
1682042553446 0.06880379468202591 12
1682042553486 0.06686624884605408 13
1682042553525 0.06426931172609329 14
1682042553566 0.061239562928676605 15
1682042553605 0.057994406670331955 16
1682042553644 0.054741036146879196 17
1682042553683 0.051672425121068954 18
1682042553723 0.04895978793501854 19
1682042553781 0.04674232751131058 20
1682042553821 0.045117877423763275 21
1682042553861 0.04413703456521034 22
1682042553901 0.04380284994840622 23
1682042553939 0.04407567158341408 24
1682042553985 0.04488097131252289 25
1682042554025 0.04611823335289955 26
1682042554065 0.04766915366053581 27
1682042554105 0.04940542206168175 28
1682042554143 0.0511963814496994 29
1682042554183 0.052915919572114944 30
1682042554223 0.05445026978850365 31
1682042554262 0.05570468679070473 32
1682042554302 0.056609753519296646 33
1682042554343 0.05712541937828064 34
1682042554383 0.05724227800965309 35
1682042554422 0.056980546563863754 36
1682042554462 0.05638604238629341 37
1682042554502 0.05552525445818901 38
1682042554542 0.05447882041335106 39
1682042554582 0.053335271775722504 40
1682042554621 0.052184030413627625 41
1682042554660 0.05110935494303703 42
1682042554700 0.05018426477909088 43
1682042554740 0.049465738236904144 44
1682042554779 0.0489916168153286 45
1682042554818 0.048778168857097626 46
1682042554861 0.048820506781339645 47
1682042554908 0.0490940660238266 48
1682042554954 0.04955796152353287 49
1682042554999 0.05015920102596283 50
1682042555043 0.05083785578608513 51
1682042555086 0.051532454788684845 52
1682042555131 0.052185408771038055 53
1682042555176 0.05274736508727074 54
1682042555220 0.05318058654665947 55
1682042555265 0.0534614622592926 56
1682042555309 0.05358119308948517 57
1682042555353 0.05354565754532814 58
1682042555398 0.05337364226579666 59
1682042555441 0.05309441313147545 60
1682042555486 0.05274464935064316 61
1682042555528 0.05236434191465378 62
1682042555572 0.051992859691381454 63
1682042555613 0.05166512355208397 64
1682042555656 0.05140875279903412 65
1682042555700 0.051242005079984665 66
1682042555744 0.051172878593206406 67
1682042555787 0.05119940638542175 68
1682042555830 0.0513102188706398 69
1682042555880 0.05148649960756302 70
1682042555923 0.05170443654060364 71
1682042555965 0.051937904208898544 72
1682042556014 0.05216110870242119 73
1682042556058 0.05235138162970543 74
1682042556100 0.05249091237783432 75
1682042556143 0.05256882309913635 76
1682042556186 0.05258139595389366 77
1682042556228 0.052531830966472626 78
1682042556269 0.05242964252829552 79
1682042556311 0.05228906124830246 80
1682042556353 0.052127376198768616 81
1682042556397 0.05196232721209526 82
1682042556439 0.051811058074235916 83
1682042556488 0.05168846249580383 84
1682042556537 0.05160461738705635 85
1682042556583 0.05156518518924713 86
1682042556641 0.051570694893598557 87
1682042556697 0.05161667615175247 88
1682042556740 0.05169505625963211 89
1682042556785 0.051794860512018204 90
1682042556829 0.051903754472732544 91
1682042556871 0.05200958997011185 92
1682042556910 0.052101653069257736 93
1682042556951 0.05217155069112778 94
1682042556991 0.05221404507756233 95
1682042557032 0.052227605134248734 96
1682042557071 0.0522141307592392 97
1682042557110 0.05217809975147247 98
1682042557150 0.0521259568631649 99
1682042557182 0.05206550285220146 99
