1682042552885 0.0 0
1682042552928 0.009996253997087479 1
1682042552977 0.010405429638922215 2
1682042553021 0.0070488182827830315 3
1682042553079 0.003364741103723645 4
1682042553135 0.0017205605981871486 5
1682042553180 0.002505474491044879 6
1682042553224 0.004699476063251495 7
1682042553269 0.007080269046127796 8
1682042553332 0.008513257838785648 9
1682042553373 0.008489132858812809 10
1682042553413 0.007283654063940048 11
1682042553453 0.005571345333009958 12
1682042553493 0.0041360012255609035 13
1682042553533 0.003576132468879223 14
1682042553572 0.004022928886115551 15
1682042553611 0.005167967639863491 16
1682042553651 0.006466621533036232 17
1682042553690 0.007354573346674442 18
1682042553748 0.007492377422749996 19
1682042553788 0.006904917303472757 20
1682042553828 0.005917991511523724 21
1682042553868 0.004994411952793598 22
1682042553908 0.004534286912530661 23
1682042553946 0.004694171249866486 24
1682042553992 0.005337504670023918 25
1682042554032 0.006126197520643473 26
1682042554071 0.006682670209556818 27
1682042554111 0.006766720674932003 28
1682042554150 0.006382005754858255 29
1682042554190 0.005752325523644686 30
1682042554229 0.005200273357331753 31
1682042554268 0.004986739717423916 32
1682042554309 0.005184822715818882 33
1682042554350 0.0056576356291770935 34
1682042554390 0.006142260506749153 35
1682042554429 0.006390022579580545 36
1682042554469 0.0062942043878138065 37
1682042554508 0.0059362235479056835 38
1682042554549 0.00552897434681654 39
1682042554588 0.005295765586197376 40
1682042554628 0.00534860510379076 41
1682042554667 0.005634199362248182 42
1682042554707 0.0059744794853031635 43
1682042554747 0.006173377390950918 44
1682042554786 0.006128873210400343 45
1682042554826 0.005885127000510693 46
1682042554870 0.005597853101789951 47
1682042554916 0.005437158979475498 48
1682042554962 0.005486839450895786 49
1682042555007 0.0056999363005161285 50
1682042555050 0.0059351068921387196 51
1682042555094 0.0060475729405879974 52
1682042555139 0.00597780104726553 53
1682042555183 0.005782893858850002 54
1682042555228 0.005594026762992144 55
1682042555272 0.005530208814889193 56
1682042555317 0.005623750854283571 57
1682042555361 0.0058050029911100864 58
1682042555405 0.005952866747975349 59
1682042555449 0.005975879263132811 60
1682042555493 0.0058699375949800014 61
1682042555536 0.005715393926948309 62
1682042555578 0.005618868861347437 63
1682042555620 0.005640729796141386 64
1682042555664 0.005757646635174751 65
1682042555708 0.005883596837520599 66
1682042555751 0.005932175554335117 67
1682042555794 0.0058757830411195755 68
1682042555836 0.005760598462074995 69
1682042555887 0.005669985432177782 70
1682042555929 0.005664133932441473 71
1682042555972 0.005739510990679264 72
1682042556022 0.005835672374814749 73
1682042556065 0.0058821989223361015 74
1682042556107 0.0058495039120316505 75
1682042556150 0.0057675400748848915 76
1682042556193 0.005699696019291878 77
1682042556235 0.005694193299859762 78
1682042556276 0.005749936681240797 79
1682042556318 0.005820797756314278 80
1682042556360 0.005853179842233658 81
1682042556404 0.005826217588037252 82
1682042556447 0.0057653700932860374 83
1682042556497 0.005719742737710476 84
1682042556546 0.005722372326999903 85
1682042556591 0.0057668061926960945 86
1682042556652 0.005814921576529741 87
1682042556705 0.0058288113214075565 88
1682042556748 0.005800575017929077 89
1682042556793 0.005755928345024586 90
1682042556836 0.0057313949801027775 91
1682042556878 0.005744600668549538 92
1682042556917 0.005781744606792927 93
1682042556958 0.0058111040852963924 94
1682042556998 0.0058100586757063866 95
1682042557038 0.005782745778560638 96
1682042557077 0.005754389800131321 97
1682042557117 0.005748709663748741 98
1682042557157 0.005768554285168648 99
1682042557189 0.0057954126968979836 99
