1682042552876 0.0 0
1682042552917 0.009999818168580532 1
1682042552968 0.019972749054431915 2
1682042553011 0.029896514490246773 3
1682042553065 0.039745625108480453 4
1682042553123 0.049491409212350845 5
1682042553169 0.05910181999206543 6
1682042553214 0.06854110211133957 7
1682042553259 0.07776925712823868 8
1682042553304 0.08674153685569763 9
1682042553364 0.09540815651416779 10
1682042553404 0.10371442139148712 11
1682042553444 0.11160152405500412 12
1682042553484 0.11900810152292252 13
1682042553523 0.12587252259254456 14
1682042553563 0.13213574886322021 15
1682042553602 0.13774456083774567 16
1682042553642 0.1426546424627304 17
1682042553681 0.14683327078819275 18
1682042553720 0.15026123821735382 19
1682042553779 0.15293386578559875 20
1682042553819 0.15486107766628265 21
1682042553859 0.1560666710138321 22
1682042553899 0.1565869152545929 23
1682042553937 0.15646880865097046 24
1682042553983 0.15576808154582977 25
1682042554023 0.15454722940921783 26
1682042554062 0.15287353098392487 27
1682042554102 0.15081730484962463 28
1682042554141 0.14845037460327148 29
1682042554181 0.14584463834762573 30
1682042554220 0.1430709958076477 31
1682042554259 0.1401982605457306 32
1682042554300 0.13729237020015717 33
1682042554341 0.13441547751426697 34
1682042554381 0.1316252052783966 35
1682042554420 0.12897376716136932 36
1682042554460 0.12650714814662933 37
1682042554499 0.12426432222127914 38
1682042554540 0.122276671230793 39
1682042554579 0.12056756764650345 40
1682042554619 0.11915230005979538 41
1682042554658 0.11803823709487915 42
1682042554698 0.1172252893447876 43
1682042554738 0.11670650541782379 44
1682042554777 0.11646880209445953 45
1682042554816 0.11649372428655624 46
1682042554858 0.11675824224948883 47
1682042554906 0.11723558604717255 48
1682042554952 0.11789611726999283 49
1682042554996 0.11870822310447693 50
1682042555040 0.11963920295238495 51
1682042555084 0.12065614014863968 52
1682042555129 0.12172669172286987 53
1682042555173 0.12281978130340576 54
1682042555218 0.12390617281198502 55
1682042555262 0.12495898455381393 56
1682042555307 0.12595410645008087 57
1682042555351 0.12687060236930847 58
1682042555395 0.12769100069999695 59
1682042555439 0.12840159237384796 60
1682042555483 0.12899257242679596 61
1682042555526 0.12945805490016937 62
1682042555569 0.12979599833488464 63
1682042555611 0.13000798225402832 64
1682042555654 0.13009890913963318 65
1682042555698 0.13007666170597076 66
1682042555741 0.12995168566703796 67
1682042555784 0.12973657250404358 68
1682042555828 0.12944555282592773 69
1682042555877 0.1290939748287201 70
1682042555920 0.12869775295257568 71
1682042555962 0.12827280163764954 72
1682042556012 0.12783454358577728 73
1682042556055 0.12739746272563934 74
1682042556097 0.12697471678256989 75
1682042556140 0.12657785415649414 76
1682042556183 0.1262165755033493 77
1682042556226 0.1258985996246338 78
1682042556267 0.12562958896160126 79
1682042556309 0.12541311979293823 80
1682042556350 0.12525078654289246 81
1682042556394 0.12514232099056244 82
1682042556437 0.12508581578731537 83
1682042556484 0.1250779628753662 84
1682042556534 0.1251142919063568 85
1682042556580 0.12518945336341858 86
1682042556638 0.125297412276268 87
1682042556694 0.12543176114559174 88
1682042556738 0.1255858838558197 89
1682042556782 0.1257532238960266 90
1682042556826 0.1259274184703827 91
1682042556869 0.126102477312088 92
1682042556908 0.12627293169498444 93
1682042556949 0.12643387913703918 94
1682042556989 0.1265811175107956 95
1682042557029 0.1267111450433731 96
1682042557069 0.12682123482227325 97
1682042557108 0.12690947949886322 98
1682042557148 0.12697474658489227 99
1682042557180 0.12701670825481415 99
