1682042552870 97.08769226074219 0
1682042552911 97.08770751953125 1
1682042552961 97.08771514892578 2
1682042553005 97.08773040771484 3
1682042553058 97.0877456665039 4
1682042553116 97.08776092529297 5
1682042553163 97.08777618408203 6
1682042553208 97.08778381347656 7
1682042553252 97.08779907226562 8
1682042553298 97.08780670166016 9
1682042553358 97.08781433105469 10
1682042553398 97.08782196044922 11
1682042553438 97.08782958984375 12
1682042553478 97.08783721923828 13
1682042553517 97.08783721923828 14
1682042553557 97.08783721923828 15
1682042553597 97.08784484863281 16
1682042553636 97.08784484863281 17
1682042553675 97.08784484863281 18
1682042553715 97.08784484863281 19
1682042553773 97.08784484863281 20
1682042553813 97.08784484863281 21
1682042553853 97.08783721923828 22
1682042553893 97.08783721923828 23
1682042553932 97.08783721923828 24
1682042553970 97.08783721923828 25
1682042554016 97.08783721923828 26
1682042554057 97.08783721923828 27
1682042554097 97.08783721923828 28
1682042554136 97.08782958984375 29
1682042554175 97.08782958984375 30
1682042554215 97.08782958984375 31
1682042554254 97.08782958984375 32
1682042554294 97.08782958984375 33
1682042554334 97.08782196044922 34
1682042554375 97.08782196044922 35
1682042554414 97.08782196044922 36
1682042554454 97.08782196044922 37
1682042554494 97.08782196044922 38
1682042554534 97.08782196044922 39
1682042554574 97.08782196044922 40
1682042554613 97.08782196044922 41
1682042554653 97.08782196044922 42
1682042554692 97.08782196044922 43
1682042554732 97.08781433105469 44
1682042554771 97.08781433105469 45
1682042554811 97.08781433105469 46
1682042554852 97.08781433105469 47
1682042554899 97.08781433105469 48
1682042554946 97.08781433105469 49
1682042554990 97.08781433105469 50
1682042555034 97.08782196044922 51
1682042555078 97.08782196044922 52
1682042555122 97.08782196044922 53
1682042555167 97.08782196044922 54
1682042555212 97.08782196044922 55
1682042555256 97.08782196044922 56
1682042555301 97.08782196044922 57
1682042555345 97.08782196044922 58
1682042555389 97.08782196044922 59
1682042555433 97.08782196044922 60
1682042555477 97.08782196044922 61
1682042555520 97.08782196044922 62
1682042555563 97.08782196044922 63
1682042555605 97.08782196044922 64
1682042555648 97.08782196044922 65
1682042555692 97.08782196044922 66
1682042555735 97.08782196044922 67
1682042555779 97.08782196044922 68
1682042555821 97.08782196044922 69
1682042555864 97.08782196044922 70
1682042555915 97.08782196044922 71
1682042555956 97.08782196044922 72
1682042556001 97.08782196044922 73
1682042556049 97.08782196044922 74
1682042556092 97.08782196044922 75
1682042556134 97.08782196044922 76
1682042556177 97.08782196044922 77
1682042556220 97.08782196044922 78
1682042556262 97.08782196044922 79
1682042556303 97.08782196044922 80
1682042556345 97.08782196044922 81
1682042556388 97.08782196044922 82
1682042556431 97.08782196044922 83
1682042556477 97.08782196044922 84
1682042556528 97.08782196044922 85
1682042556574 97.08782196044922 86
1682042556629 97.08782196044922 87
1682042556688 97.08782196044922 88
1682042556732 97.08782196044922 89
1682042556776 97.08782196044922 90
1682042556820 97.08782196044922 91
1682042556863 97.08782196044922 92
1682042556902 97.08782196044922 93
1682042556944 97.08782196044922 94
1682042556983 97.08782196044922 95
1682042557023 97.08782196044922 96
1682042557063 97.08782196044922 97
1682042557103 97.08782196044922 98
1682042557142 97.08782196044922 99
1682042557174 97.08782196044922 99
