1682042502221 78.88241153293185 1
1682042502761 79.6336407131619 2
1682042503330 79.90768093532986 3
1682042503871 80.02459462483723 4
1682042504409 80.11148240831163 5
1682042504947 80.1129379272461 6
1682042505485 80.11331346299913 7
1682042506024 80.11343383789062 8
1682042506567 80.11346944173177 9
1682042507186 80.11348470052083 10
1682042507826 80.11349317762587 11
1682042508498 80.11349487304688 12
1682042509181 80.1135025024414 13
1682042509801 80.11350335015192 14
1682042510379 80.1135016547309 15
