1682042522792 78.88241153293185 1
1682042523376 79.6336407131619 2
1682042523913 79.90768093532986 3
1682042524444 80.02459462483723 4
1682042525005 80.11148240831163 5
1682042525616 80.1129379272461 6
1682042526191 80.11331346299913 7
1682042526755 80.11343383789062 8
1682042527363 80.11346944173177 9
1682042527936 80.11348470052083 10
1682042528524 80.11349317762587 11
1682042529135 80.11349487304688 12
1682042529765 80.1135025024414 13
1682042530373 80.11350335015192 14
1682042530976 80.1135016547309 15
1682042532280 80.11349995930989 16
