1681762954439 0.3067439727386435 0
1681762954620 0.33232502280948584 0
1681762954802 0.34384208805456806 0
1681762954994 0.34988547247442037 0
1681762955184 0.353350942256 0
1681762955380 0.3554766321847529 0
1681762955573 0.3568583701254058 0
1681762955776 0.35780608804567504 0
1681762955966 0.35849090327715905 0
1681762956160 0.35901177862960154 0
1681762956348 0.3594280352583649 0
1681762956535 0.3597761496485268 0
1681762956724 0.3600790318706285 0
1681762956914 0.3603511737988115 0
1681762957104 0.3606018233767467 0
1681762957293 0.36083670908798504 0
1681762957483 0.3610594186237616 0
1681762957670 0.36127196985328947 0
1681762957855 0.3614752100938575 0
1681762958043 0.36166944565357656 0
1681762958229 0.36185435541596733 0
1681762958416 0.3620290934563202 0
1681762958602 0.3621928113991455 0
1681762958796 0.3623443878263179 0
1681762958989 0.3624823174349414 0
1681762959181 0.3626055558042055 0
1681762959371 0.3627127734403772 0
1681762959563 0.36280273799518803 0
1681762959759 0.3628745738483806 0
1681762959943 0.36292704474055903 0
1681762960124 0.36295940865171167 0
1681762960310 0.36297138645958216 0
1681762960498 0.36296264409368584 0
1681762960680 0.3629323993080157 0
1681762960861 0.36288125079960004 0
1681762961043 0.36280902849307084 0
1681762961225 0.3627161317652893 0
1681762961406 0.36260293506844865 0
1681762961591 0.36246998910341266 0
1681762961789 0.36231856320473754 0
