1681762954425 0.3508771929824561 0
1681762954608 0.35 0
1681762954790 0.35 0
1681762954981 0.3482456140350877 0
1681762955171 0.3543859649122807 0
1681762955367 0.3605263157894737 0
1681762955561 0.3701754385964912 0
1681762955763 0.37280701754385964 0
1681762955954 0.37280701754385964 0
1681762956147 0.37280701754385964 0
1681762956336 0.3701754385964912 0
1681762956522 0.37280701754385964 0
1681762956711 0.37280701754385964 0
1681762956901 0.37280701754385964 0
1681762957091 0.3701754385964912 0
1681762957280 0.3701754385964912 0
1681762957471 0.37280701754385964 0
1681762957658 0.37280701754385964 0
1681762957844 0.37280701754385964 0
1681762958030 0.37280701754385964 0
1681762958217 0.37280701754385964 0
1681762958404 0.3701754385964912 0
1681762958589 0.3649122807017544 0
1681762958778 0.36578947368421055 0
1681762958974 0.36578947368421055 0
1681762959169 0.3631578947368421 0
1681762959359 0.36578947368421055 0
1681762959550 0.36578947368421055 0
1681762959746 0.36578947368421055 0
1681762959930 0.36578947368421055 0
1681762960112 0.36578947368421055 0
1681762960297 0.36578947368421055 0
1681762960486 0.36578947368421055 0
1681762960668 0.36666666666666664 0
1681762960849 0.36666666666666664 0
1681762961031 0.36666666666666664 0
1681762961213 0.36666666666666664 0
1681762961394 0.36666666666666664 0
1681762961580 0.36666666666666664 0
1681762961776 0.36666666666666664 0
