1682048328723 0.0 0
1682048328768 0.9997025728225708 1
1682048328814 1.750901699066162 2
1682048328861 2.471698045730591 3
1682048328909 3.290804386138916 4
1682048328955 4.136441230773926 5
1682048329000 4.92708683013916 6
1682048329045 5.641620635986328 7
1682048329089 6.282081604003906 8
1682048329135 6.855867385864258 9
1682048329179 7.370802879333496 10
1682048329224 7.833950042724609 11
1682048329268 8.251422882080078 12
1682048329312 8.628458976745605 13
1682048329356 8.969549179077148 14
1682048329401 9.278562545776367 15
1682048329445 9.558854103088379 16
1682048329494 9.813348770141602 17
1682048329540 10.044614791870117 18
1682048329585 10.25491714477539 19
1682048329629 10.446263313293457 20
1682048329674 10.620443344116211 21
1682048329717 10.779054641723633 22
1682048329762 10.923531532287598 23
1682048329807 11.05516242980957 24
1682048329869 11.17510986328125 25
1682048329915 11.284423828125 26
1682048329957 11.384055137634277 27
1682048329997 11.474864959716797 28
1682048330039 11.557636260986328 29
1682048330081 11.633079528808594 30
1682048330122 11.701842308044434 31
1682048330162 11.76451301574707 32
1682048330204 11.821627616882324 33
1682048330245 11.873675346374512 34
1682048330287 11.921101570129395 35
1682048330328 11.964313507080078 36
1682048330369 12.003681182861328 37
1682048330411 12.039542198181152 38
1682048330453 12.0722074508667 39
1682048330494 12.101958274841309 40
1682048330539 12.12905216217041 41
1682048330580 12.153724670410156 42
1682048330621 12.176190376281738 43
1682048330662 12.19664478302002 44
1682048330703 12.215266227722168 45
1682048330745 12.232218742370605 46
1682048330789 12.247650146484375 47
1682048330832 12.261696815490723 48
1682048330891 12.274482727050781 49
1682048330923 12.286121368408203 49
