1682048328703 0.0 0
1682048328749 0.999981701374054 1
1682048328794 1.8677854537963867 2
1682048328841 2.7335197925567627 3
1682048328889 3.6464524269104004 4
1682048328936 4.5039849281311035 5
1682048328982 5.263975143432617 6
1682048329027 5.9323272705078125 7
1682048329071 6.522644996643066 8
1682048329116 7.047007083892822 9
1682048329161 7.515092372894287 10
1682048329206 7.934621810913086 11
1682048329250 8.311849594116211 12
1682048329294 8.651927947998047 13
1682048329339 8.959163665771484 14
1682048329383 9.237204551696777 15
1682048329427 9.489181518554688 16
1682048329475 9.717798233032227 17
1682048329521 9.9254150390625 18
1682048329567 10.114106178283691 19
1682048329611 10.285700798034668 20
1682048329656 10.4418306350708 21
1682048329699 10.583944320678711 22
1682048329743 10.713338851928711 23
1682048329788 10.831181526184082 24
1682048329833 10.938523292541504 25
1682048329895 11.0363130569458 26
1682048329940 11.125407218933105 27
1682048329981 11.20658016204834 28
1682048330022 11.280540466308594 29
1682048330064 11.347926139831543 30
1682048330105 11.409321784973145 31
1682048330146 11.465253829956055 32
1682048330188 11.516206741333008 33
1682048330228 11.5626220703125 34
1682048330269 11.604898452758789 35
1682048330312 11.643400192260742 36
1682048330353 11.67845630645752 37
1682048330393 11.710369110107422 38
1682048330437 11.739419937133789 39
1682048330477 11.765861511230469 40
1682048330522 11.789926528930664 41
1682048330564 11.811824798583984 42
1682048330605 11.831746101379395 43
1682048330645 11.849865913391113 44
1682048330685 11.866345405578613 45
1682048330729 11.881333351135254 46
1682048330771 11.89495849609375 47
1682048330815 11.907344818115234 48
1682048330875 11.91860294342041 49
1682048330908 11.928836822509766 49
