1682048328700 0.0 0
1682048328746 0.9999581575393677 1
1682048328792 1.7944879531860352 2
1682048328837 2.5687222480773926 3
1682048328886 3.4284250736236572 4
1682048328934 4.248124122619629 5
1682048328979 4.9757843017578125 6
1682048329024 5.61596155166626 7
1682048329068 6.181511878967285 8
1682048329114 6.683926105499268 9
1682048329158 7.13244104385376 10
1682048329203 7.534440517425537 11
1682048329247 7.895911693572998 12
1682048329292 8.221787452697754 13
1682048329336 8.516194343566895 14
1682048329380 8.78262710571289 15
1682048329425 9.024084091186523 16
1682048329472 9.243157386779785 17
1682048329518 9.442108154296875 18
1682048329564 9.622922897338867 19
1682048329608 9.78735637664795 20
1682048329653 9.936969757080078 21
1682048329696 10.073152542114258 22
1682048329740 10.197147369384766 23
1682048329786 10.310072898864746 24
1682048329830 10.412936210632324 25
1682048329892 10.506646156311035 26
1682048329938 10.592022895812988 27
1682048329979 10.66981029510498 28
1682048330020 10.74068546295166 29
1682048330061 10.80526065826416 30
1682048330103 10.864093780517578 31
1682048330144 10.917692184448242 32
1682048330185 10.96651840209961 33
1682048330226 11.010993957519531 34
1682048330267 11.051502227783203 35
1682048330309 11.08839225769043 36
1682048330350 11.121981620788574 37
1682048330391 11.15256118774414 38
1682048330434 11.180397987365723 39
1682048330474 11.205734252929688 40
1682048330519 11.228792190551758 41
1682048330561 11.249773979187012 42
1682048330602 11.268861770629883 43
1682048330643 11.286224365234375 44
1682048330683 11.30201530456543 45
1682048330726 11.316376686096191 46
1682048330769 11.32943344116211 47
1682048330813 11.341302871704102 48
1682048330872 11.352091789245605 49
1682048330905 11.361898422241211 49
