1682048328696 97.08769226074219 0
1682048328743 97.09293365478516 1
1682048328788 97.12189483642578 2
1682048328834 97.18170928955078 3
1682048328882 97.23697662353516 4
1682048328930 97.26545715332031 5
1682048328975 97.27729797363281 6
1682048329020 97.2821044921875 7
1682048329065 97.28414154052734 8
1682048329110 97.28506469726562 9
1682048329155 97.28551483154297 10
1682048329200 97.2857437133789 11
1682048329244 97.2858657836914 12
1682048329288 97.28594207763672 13
1682048329333 97.28598022460938 14
1682048329376 97.2860107421875 15
1682048329421 97.28602600097656 16
1682048329465 97.28604125976562 17
1682048329515 97.28604888916016 18
1682048329560 97.28605651855469 19
1682048329604 97.28605651855469 20
1682048329650 97.28606414794922 21
1682048329693 97.28606414794922 22
1682048329736 97.28606414794922 23
1682048329782 97.28606414794922 24
1682048329827 97.28606414794922 25
1682048329889 97.28607177734375 26
1682048329935 97.28607177734375 27
1682048329975 97.28607177734375 28
1682048330016 97.28607177734375 29
1682048330058 97.28607177734375 30
1682048330100 97.28607177734375 31
1682048330141 97.28607177734375 32
1682048330182 97.28607177734375 33
1682048330223 97.28607177734375 34
1682048330264 97.28607177734375 35
1682048330306 97.28607177734375 36
1682048330347 97.28607177734375 37
1682048330388 97.28607177734375 38
1682048330431 97.28607177734375 39
1682048330471 97.28607177734375 40
1682048330515 97.28607177734375 41
1682048330558 97.28607177734375 42
1682048330599 97.28607177734375 43
1682048330639 97.28607177734375 44
1682048330680 97.28607177734375 45
1682048330723 97.28607177734375 46
1682048330765 97.28607177734375 47
1682048330809 97.28607177734375 48
1682048330851 97.28607177734375 49
1682048330902 97.28607177734375 49
