1682048298537 78.88241153293185 1
1682048299130 79.6336407131619 2
1682048299748 79.90768093532986 3
1682048300351 80.02459462483723 4
1682048300953 80.11148240831163 5
1682048301554 80.1129379272461 6
1682048302160 80.11331346299913 7
1682048302762 80.11343383789062 8
1682048303386 80.11346944173177 9
1682048303994 80.11348470052083 10
1682048304607 80.11349317762587 11
1682048305242 80.11349487304688 12
1682048305857 80.1135025024414 13
1682048306424 80.11350335015192 14
1682048306977 80.1135016547309 15
1682048308196 80.11349995930989 16
