1682447906356 2640.562515258789 0
1682447906888 2490.3165740966797 0
1682447907450 2451.201858520508 0
1682447908004 2425.3141326904297 0
1682447908569 2405.4716796875 0
1682447909107 2389.5145416259766 0
1682447909651 2376.646697998047 0
1682447910184 2366.1905364990234 0
1682447910718 2357.547088623047 0
1682447911251 2350.2630462646484 0
1682447911787 2344.0145568847656 0
1682447912351 2338.5726470947266 0
1682447912893 2333.7718963623047 0
1682447913454 2329.490447998047 0
1682447914012 2325.6362915039062 0
1682447914585 2322.139434814453 0
1682447915153 2318.944625854492 0
1682447915741 2316.008056640625 0
1682447916352 2313.294952392578 0
1682447916934 2310.7761840820312 0
1682447917529 2308.427932739258 0
1682447918110 2306.230987548828 0
1682447918714 2304.1682739257812 0
1682447919278 2302.225845336914 0
1682447919842 2300.3922271728516 0
1682447920427 2298.6560974121094 0
1682447921015 2297.0093536376953 0
1682447921558 2295.443801879883 0
1682447922128 2293.9525451660156 0
1682447922696 2292.5296783447266 0
1682447923256 2291.170135498047 0
1682447923846 2289.8688049316406 0
1682447924461 2288.6219329833984 0
1682447924993 2287.4254150390625 0
1682447925534 2286.2761840820312 0
1682447926074 2285.1709747314453 0
1682447926597 2284.1068572998047 0
1682447927120 2283.081558227539 0
1682447927642 2282.093231201172 0
1682447928166 2281.1390380859375 0
