1681686714082 2630.571746826172 0
1681686714252 2505.3995361328125 0
1681686714416 2452.6908569335938 0
1681686714580 2420.9246673583984 0
1681686714747 2399.338897705078 0
1681686714920 2383.4937591552734 0
1681686715099 2371.231460571289 0
1681686715264 2361.3746337890625 0
1681686715433 2353.221694946289 0
1681686715609 2346.326690673828 0
1681686715783 2340.3909912109375 0
1681686715968 2335.205780029297 0
1681686716142 2330.6212005615234 0
1681686716319 2326.5257110595703 0
1681686716496 2322.8341064453125 0
1681686716670 2319.4817810058594 0
1681686716852 2316.4170532226562 0
1681686717025 2313.598403930664 0
1681686717196 2310.9930267333984 0
1681686717362 2308.573532104492 0
1681686717530 2306.317337036133 0
1681686717705 2304.2056274414062 0
1681686717873 2302.2230377197266 0
1681686718041 2300.355453491211 0
1681686718207 2298.5918884277344 0
1681686718372 2296.922393798828 0
1681686718536 2295.338348388672 0
1681686718702 2293.8325805664062 0
1681686718868 2292.3983459472656 0
1681686719034 2291.0303497314453 0
