1681686714102 728.0 0
1681686714264 748.0 0
1681686714429 735.0 0
1681686714593 720.0 0
1681686714760 724.0 0
1681686714947 729.0 0
1681686715111 722.0 0
1681686715276 719.0 0
1681686715446 719.0 0
1681686715622 719.0 0
1681686715796 719.0 0
1681686715981 721.0 0
1681686716155 723.0 0
1681686716332 723.0 0
1681686716509 722.0 0
1681686716682 722.0 0
1681686716864 722.0 0
1681686717037 722.0 0
1681686717208 722.0 0
1681686717375 714.0 0
1681686717543 714.0 0
1681686717718 714.0 0
1681686717885 714.0 0
1681686718053 714.0 0
1681686718219 714.0 0
1681686718384 714.0 0
1681686718548 714.0 0
1681686718714 714.0 0
1681686718880 714.0 0
1681686719046 714.0 0
1681687208750 786.0 0
1681687208929 829.0 0
1681687209107 817.0 0
1681687209291 799.0 0
1681687209468 788.0 0
1681687209643 780.0 0
1681687209821 730.0 0
1681687209996 730.0 0
1681687210172 730.0 0
1681687210349 730.0 0
1681687210528 730.0 0
1681687210708 727.0 0
1681687210885 727.0 0
1681687211063 730.0 0
1681687211239 725.0 0
1681687211417 725.0 0
1681687211594 725.0 0
1681687211770 725.0 0
1681687211946 725.0 0
1681687212122 725.0 0
1681687212301 725.0 0
1681687212477 725.0 0
1681687212654 725.0 0
1681687212831 725.0 0
1681687213007 725.0 0
1681687213193 725.0 0
1681687213383 725.0 0
1681687213569 725.0 0
1681687213758 725.0 0
1681687213942 725.0 0
