1682536079206 0.3463568840347905 0
1682536080173 0.40300551187532263 0
1682536081158 0.4286465314708165 0
1682536082128 0.4414230441567984 0
1682536083118 0.447644301676517 0
1682536084092 0.45001980870745883 0
1682536085056 0.44997320352585435 0
1682536086025 0.4484163710731103 0
1682536086980 0.44591309205366275 0
1682536087953 0.4427519584230634 0
1682536088918 0.4391399756840334 0
1682536089873 0.435307849118863 0
1682536090824 0.4314609090999616 0
1682536091758 0.4277297100331101 0
1682536092699 0.4241757838436989 0
1682536093667 0.4208183452123134 0
1682536094633 0.4176566157442649 0
1682536095600 0.4146826080232845 0
1682536096543 0.4118867078511885 0
1682536097480 0.4092597499432309 0
1682536098451 0.40679302034013376 0
1682536099415 0.40447823397496285 0
1682536100386 0.40230688661399716 0
1682536101346 0.40027032150554864 0
1682536102282 0.39835944983352173 0
1682536103239 0.3965650157477959 0
1682536104208 0.3948776568855164 0
1682536105172 0.39328845906867815 0
1682536106146 0.3917888878775355 0
1682536107131 0.39037111222120846 0
