1682536078449 2605.157730102539 0
1682536079406 2525.9383087158203 0
1682536080367 2507.1461486816406 0
1682536081356 2495.392135620117 0
1682536082325 2486.720413208008 0
1682536083312 2479.578399658203 0
1682536084281 2473.1433868408203 0
1682536085250 2466.9378662109375 0
1682536086216 2460.7798461914062 0
1682536087177 2454.7738189697266 0
1682536088147 2449.217727661133 0
1682536089107 2444.4022521972656 0
1682536090071 2440.4390869140625 0
1682536091009 2437.266876220703 0
1682536091940 2434.7467193603516 0
1682536092891 2432.733871459961 0
1682536093856 2431.1053924560547 0
1682536094826 2429.7682189941406 0
1682536095796 2428.6534118652344 0
1682536096723 2427.7118072509766 0
1682536097677 2426.906951904297 0
1682536098653 2426.211456298828 0
1682536099604 2425.6053009033203 0
1682536100575 2425.0719146728516 0
1682536101528 2424.5987854003906 0
1682536102465 2424.1759033203125 0
1682536103432 2423.7950439453125 0
1682536104398 2423.44970703125 0
1682536105356 2423.1342163085938 0
1682536106341 2422.844497680664 0
