1682536078818 0.4080000000000001 0
1682536079778 0.4126666666666667 0
1682536080756 0.44616666666666666 0
1682536081733 0.4696666666666667 0
1682536082717 0.4791666666666667 0
1682536083699 0.5083333333333333 0
1682536084662 0.517 0
1682536085627 0.5255 0
1682536086598 0.535 0
1682536087556 0.533 0
1682536088533 0.5126666666666667 0
1682536089483 0.49800000000000005 0
1682536090440 0.49383333333333335 0
1682536091378 0.5038333333333332 0
1682536092310 0.49300000000000005 0
1682536093274 0.49100000000000005 0
1682536094242 0.4916666666666667 0
1682536095210 0.48550000000000004 0
1682536096162 0.4883333333333333 0
1682536097092 0.4713333333333334 0
1682536098056 0.47866666666666663 0
1682536099030 0.48466666666666675 0
1682536099982 0.45650000000000013 0
1682536100963 0.4716666666666667 0
1682536101900 0.47583333333333333 0
1682536102846 0.48366666666666663 0
1682536103809 0.4583333333333333 0
1682536104779 0.4651666666666667 0
1682536105744 0.4555 0
1682536106727 0.4663333333333333 0
