1682536079186 0.4131666666666667 0
1682536080153 0.4235 0
1682536081132 0.44050000000000006 0
1682536082107 0.46849999999999997 0
1682536083096 0.4885 0
1682536084071 0.5241666666666668 0
1682536085035 0.519 0
1682536086005 0.5398333333333333 0
1682536086959 0.5301666666666667 0
1682536087931 0.539 0
1682536088897 0.5046666666666666 0
1682536089853 0.503 0
1682536090803 0.5025 0
1682536091738 0.49333333333333335 0
1682536092679 0.5025 0
1682536093647 0.5026666666666667 0
1682536094612 0.48966666666666664 0
1682536095580 0.4801666666666667 0
1682536096522 0.4895 0
1682536097459 0.4791666666666667 0
1682536098430 0.4750000000000001 0
1682536099395 0.4748333333333334 0
1682536100364 0.4603333333333333 0
1682536101326 0.4553333333333333 0
1682536102262 0.4655000000000001 0
1682536103219 0.46216666666666667 0
1682536104187 0.4648333333333334 0
1682536105152 0.4661666666666666 0
1682536106124 0.464 0
1682536107110 0.465 0
