1681666305911 14.0 0
1681666306609 14.0 0
1681666307192 14.0 0
1681666307773 14.0 0
1681666308494 14.0 0
1681666309072 14.0 0
1681666309771 14.0 0
1681666310350 14.0 0
1681666310928 14.0 0
1681666311645 14.0 0
1681666312276 14.0 0
1681666313023 14.0 0
1681666313645 14.0 0
1681666314407 14.0 0
1681666315017 14.0 0
1681666315601 14.0 0
1681666316307 14.0 0
1681666316893 14.0 0
1681666317595 14.0 0
1681666318181 14.0 0
1681666318891 14.0 0
1681666319469 14.0 0
1681666320053 14.0 0
1681666320758 14.0 0
1681666321343 14.0 0
1681666322047 14.0 0
1681666322665 14.0 0
1681666323436 14.0 0
1681666324075 14.0 0
1681666324705 14.0 0
