1682042552895 0.0 0
1682042552941 -0.009990566410124302 1
1682042552987 -0.004558935761451721 2
1682042553035 0.001235641073435545 3
1682042553094 0.0033554662950336933 4
1682042553146 0.001973699312657118 5
1682042553190 -0.001106862910091877 6
1682042553235 -0.004380699247121811 7
1682042553280 -0.006472506560385227 8
1682042553342 -0.006727435626089573 9
1682042553382 -0.0054441047832369804 10
1682042553422 -0.0033355134073644876 11
1682042553462 -0.0012335903011262417 12
1682042553501 9.089813102036715e-05 13
1682042553542 0.00023867264098953456 14
1682042553581 -0.0006915629492141306 15
1682042553620 -0.0022665837313979864 16
1682042553659 -0.003900389187037945 17
1682042553699 -0.005020711570978165 18
1682042553757 -0.00527899619191885 19
1682042553797 -0.00467343395575881 20
1682042553837 -0.003494093893095851 21
1682042553877 -0.0021927719935774803 22
1682042553916 -0.0012354922946542501 23
1682042553955 -0.0009346717270091176 24
1682042554001 -0.0013358076103031635 25
1682042554041 -0.002229750854894519 26
1682042554080 -0.0032507963478565216 27
1682042554120 -0.004010086879134178 28
1682042554159 -0.0042412723414599895 29
1682042554199 -0.0038991416804492474 30
1682042554238 -0.0031580848153680563 31
1682042554277 -0.0023297560401260853 32
1682042554318 -0.0017399964854121208 33
1682042554359 -0.0016001182375475764 34
1682042554399 -0.00192729861009866 35
1682042554438 -0.0025521335192024708 36
1682042554478 -0.0031984327360987663 37
1682042554517 -0.0035991203039884567 38
1682042554558 -0.00360681489109993 39
1682042554597 -0.0032488773576915264 40
1682042554636 -0.002703735139220953 41
1682042554676 -0.0022166201379150152 42
1682042554716 -0.0019914391450583935 43
1682042554756 -0.002103853737935424 44
1682042554794 -0.0024761778768152 45
1682042554835 -0.002922017825767398 46
1682042554881 -0.0032354583963751793 47
1682042554927 -0.003285234095528722 48
1682042554972 -0.0030702659860253334 49
1682042555017 -0.0027114110998809338 50
1682042555060 -0.002387611661106348 51
1682042555104 -0.002248637145385146 52
1682042555149 -0.0023457943461835384 53
1682042555193 -0.0026140082627534866 54
1682042555238 -0.0029110165778547525 55
1682042555283 -0.0030912719666957855 56
1682042555327 -0.003077510744333267 57
1682042555371 -0.002894266974180937 58
1682042555415 -0.0026485221460461617 59
1682042555459 -0.0024703461676836014 60
1682042555502 -0.0024454123340547085 61
1682042555546 -0.002574343467131257 62
1682042555588 -0.0027784709818661213 63
1682042555630 -0.00294624175876379 64
1682042555674 -0.0029937531799077988 65
1682042555718 -0.002906954614445567 66
1682042555761 -0.002743972698226571 67
1682042555804 -0.002598769264295697 68
1682042555846 -0.00254808459430933 69
1682042555897 -0.00261109322309494 70
1682042555939 -0.0027432197239249945 71
1682042555983 -0.002865380607545376 72
1682042556032 -0.002910308074206114 73
1682042556074 -0.0028591107111424208 74
1682042556117 -0.0027482861187309027 75
1682042556159 -0.002644865307956934 76
1682042556202 -0.0026061199605464935 77
1682042556244 -0.002647596411406994 78
1682042556286 -0.0027373458724468946 79
1682042556327 -0.002818115521222353 80
1682042556370 -0.0028426633216440678 81
1682042556414 -0.0028008425142616034 82
1682042556458 -0.0027226463425904512 83
1682042556511 -0.002657316392287612 84
1682042556556 -0.0026426278054714203 85
1682042556608 -0.002682874910533428 86
1682042556667 -0.002748914295807481 87
1682042556715 -0.0027985074557363987 88
1682042556759 -0.0028030932880938053 89
1682042556803 -0.0027643812354654074 90
1682042556846 -0.0027108886279165745 91
1682042556886 -0.0026780255138874054 92
1682042556927 -0.0026853110175579786 93
1682042556967 -0.0027252756990492344 94
1682042557007 -0.002770247170701623 95
1682042557047 -0.0027915211394429207 96
1682042557086 -0.0027778716757893562 97
1682042557126 -0.00274147791787982 98
1682042557166 -0.002708164509385824 99
1682042557198 -0.0026994335930794477 99
