1682042552888 0.0 0
1682042552931 -0.009996875189244747 1
1682042552980 -0.012340200133621693 2
1682042553024 -0.009854008443653584 3
1682042553082 -0.006124434061348438 4
1682042553137 -0.0035025416873395443 5
1682042553182 -0.003252882044762373 6
1682042553227 -0.0049111428670585155 7
1682042553272 -0.007452948950231075 8
1682042553335 -0.009779837913811207 9
1682042553375 -0.01097084954380989 10
1682042553415 -0.010745037347078323 11
1682042553455 -0.009448216296732426 12
1682042553495 -0.00772484578192234 13
1682042553535 -0.006296013481914997 14
1682042553574 -0.005710314959287643 15
1682042553614 -0.006106452085077763 16
1682042553653 -0.007225065026432276 17
1682042553693 -0.008574534207582474 18
1682042553750 -0.009610441513359547 19
1682042553790 -0.009946099482476711 20
1682042553830 -0.009510904550552368 21
1682042553871 -0.008539561182260513 22
1682042553910 -0.007448873482644558 23
1682042553948 -0.00667555583640933 24
1682042553994 -0.006498335395008326 25
1682042554034 -0.006927869748324156 26
1682042554074 -0.007729404140263796 27
1682042554113 -0.008536510169506073 28
1682042554152 -0.00900486670434475 29
1682042554192 -0.00895986333489418 30
1682042554231 -0.008461488410830498 31
1682042554271 -0.007759090047329664 32
1682042554311 -0.0071730841882526875 33
1682042554352 -0.006951214279979467 34
1682042554392 -0.007159713190048933 35
1682042554431 -0.007665794342756271 36
1682042554471 -0.008211697451770306 37
1682042554511 -0.008538687601685524 38
1682042554551 -0.008508458733558655 39
1682042554590 -0.008161195553839207 40
1682042554630 -0.007684231270104647 41
1682042554669 -0.007313598413020372 42
1682042554709 -0.0072170766070485115 43
1682042554749 -0.007415571250021458 44
1682042554788 -0.007782700005918741 45
1682042554828 -0.00811796449124813 46
1682042554872 -0.008252281695604324 47
1682042554919 -0.00813291221857071 48
1682042554965 -0.007842877879738808 49
1682042555009 -0.007548660039901733 50
1682042555053 -0.00740739144384861 51
1682042555097 -0.007483730558305979 52
1682042555142 -0.0077211009338498116 53
1682042555186 -0.007980529218912125 54
1682042555230 -0.008121756836771965 55
1682042555275 -0.008080380037426949 56
1682042555320 -0.007898494601249695 57
1682042555364 -0.007693461608141661 58
1682042555408 -0.0075865210965275764 59
1682042555452 -0.0076332394964993 60
1682042555496 -0.00779593363404274 61
1682042555538 -0.007972226478159428 62
1682042555581 -0.008059363812208176 63
1682042555623 -0.008014923892915249 64
1682042555666 -0.007877697236835957 65
1682042555710 -0.007738725747913122 66
1682042555754 -0.007682704366743565 67
1682042555796 -0.007736867759376764 68
1682042555839 -0.00785871408879757 69
1682042555890 -0.007967171259224415 70
1682042555932 -0.00799566600471735 71
1682042555975 -0.007932691834867 72
1682042556024 -0.007825071923434734 73
1682042556067 -0.0077438573352992535 74
1682042556110 -0.007737389765679836 75
1682042556153 -0.00780160678550601 76
1682042556195 -0.007886814884841442 77
1682042556237 -0.007933560758829117 78
1682042556278 -0.007912279106676579 79
1682042556321 -0.0078407172113657 80
1682042556363 -0.007768603507429361 81
1682042556407 -0.007742441724985838 82
1682042556449 -0.007774156052619219 83
1682042556501 -0.007835698314011097 84
1682042556548 -0.00788186863064766 85
1682042556596 -0.007881993427872658 86
1682042556656 -0.007840147241950035 87
1682042556707 -0.007789738941937685 88
1682042556751 -0.007767619099467993 89
1682042556795 -0.007788187358528376 90
1682042556839 -0.007834823802113533 91
1682042556880 -0.007873931899666786 92
1682042556920 -0.007880102843046188 93
1682042556961 -0.007853636518120766 94
1682042557000 -0.007818125188350677 95
1682042557041 -0.007801317609846592 96
1682042557080 -0.00781461875885725 97
1682042557119 -0.007846224121749401 98
1682042557159 -0.007871599867939949 99
1682042557191 -0.007872501388192177 99
