1682042552881 0.0 0
1682042552922 0.009999698027968407 1
1682042552972 0.01993834227323532 2
1682042553016 0.02975841984152794 3
1682042553071 0.039387449622154236 4
1682042553129 0.04873579740524292 5
1682042553175 0.05769546329975128 6
1682042553219 0.06614059209823608 7
1682042553265 0.07393145561218262 8
1682042553327 0.0809234231710434 9
1682042553368 0.08698108047246933 10
1682042553409 0.09199519455432892 11
1682042553448 0.09589795023202896 12
1682042553488 0.09867138415575027 13
1682042553527 0.10034673660993576 14
1682042553568 0.10099627822637558 15
1682042553607 0.10072175413370132 16
1682042553646 0.09964308887720108 17
1682042553686 0.09788952767848969 18
1682042553743 0.09559375792741776 19
1682042553783 0.09288839995861053 20
1682042553823 0.08990404009819031 21
1682042553863 0.08676794171333313 22
1682042553903 0.08360273391008377 23
1682042553942 0.08052463084459305 24
1682042553987 0.0776408463716507 25
1682042554027 0.0750463455915451 26
1682042554067 0.07282018661499023 27
1682042554107 0.07102219015359879 28
1682042554146 0.06969060003757477 29
1682042554185 0.06884103268384933 30
1682042554225 0.0684671476483345 31
1682042554264 0.06854256987571716 32
1682042554304 0.06902384757995605 33
1682042554345 0.06985386461019516 34
1682042554385 0.0709652528166771 35
1682042554425 0.0722837969660759 36
1682042554464 0.07373151183128357 37
1682042554504 0.07522983103990555 38
1682042554545 0.07670266181230545 39
1682042554584 0.07807964086532593 40
1682042554623 0.0792992040514946 41
1682042554663 0.08031146973371506 42
1682042554702 0.0810803696513176 43
1682042554742 0.08158493041992188 44
1682042554781 0.0818195641040802 45
1682042554821 0.08179320394992828 46
1682042554864 0.08152776956558228 47
1682042554911 0.08105599880218506 48
1682042554957 0.08041906356811523 49
1682042555001 0.07966399192810059 50
1682042555045 0.07884104549884796 51
1682042555089 0.07800106704235077 52
1682042555134 0.07719283550977707 53
1682042555178 0.07646042853593826 54
1682042555223 0.07584083080291748 55
1682042555267 0.07536207884550095 56
1682042555312 0.07504202425479889 57
1682042555356 0.07488792389631271 58
1682042555400 0.07489679008722305 59
1682042555444 0.07505640387535095 60
1682042555488 0.07534675300121307 61
1682042555531 0.0757417380809784 62
1682042555574 0.07621096819639206 63
1682042555616 0.0767216831445694 64
1682042555659 0.07724075019359589 65
1682042555703 0.07773665338754654 66
1682042555746 0.07818136364221573 67
1682042555789 0.0785520002245903 68
1682042555832 0.07883191853761673 69
1682042555882 0.07901135087013245 70
1682042555925 0.07908748090267181 71
1682042555967 0.0790640190243721 72
1682042556017 0.07895036786794662 73
1682042556060 0.07876063138246536 74
1682042556102 0.07851235568523407 75
1682042556145 0.07822534441947937 76
1682042556188 0.07792028039693832 77
1682042556230 0.0776173397898674 78
1682042556272 0.07733497768640518 79
1682042556314 0.07708876579999924 80
1682042556355 0.07689063251018524 81
1682042556399 0.07674826681613922 82
1682042556442 0.07666516304016113 83
1682042556491 0.07664084434509277 84
1682042556540 0.07667110860347748 85
1682042556585 0.0767488032579422 86
1682042556644 0.07686445116996765 87
1682042556699 0.077006995677948 88
1682042556743 0.07716470211744308 89
1682042556788 0.07732593268156052 90
1682042556831 0.07747993618249893 91
1682042556873 0.07761752605438232 92
1682042556913 0.07773155719041824 93
1682042556954 0.0778171643614769 94
1682042556993 0.07787185162305832 95
1682042557034 0.07789543271064758 96
1682042557073 0.07788977771997452 97
1682042557112 0.07785844802856445 98
1682042557152 0.07780633121728897 99
1682042557184 0.07773927599191666 99
