1682042552873 0.0 0
1682042552914 0.009999582543969154 1
1682042552965 0.019895039498806 2
1682042553008 0.029577672481536865 3
1682042553062 0.038900814950466156 4
1682042553120 0.047674164175987244 5
1682042553166 0.05566887557506561 6
1682042553212 0.06263952702283859 7
1682042553256 0.06836564093828201 8
1682042553301 0.07270094752311707 9
1682042553361 0.07560474425554276 10
1682042553402 0.07714008539915085 11
1682042553441 0.07744670659303665 12
1682042553481 0.07670779526233673 13
1682042553520 0.07512415945529938 14
1682042553561 0.07289928197860718 15
1682042553600 0.07023221999406815 16
1682042553639 0.06731429696083069 17
1682042553678 0.06432652473449707 18
1682042553718 0.06143609434366226 19
1682042553776 0.05879141017794609 20
1682042553816 0.05651625618338585 21
1682042553856 0.05470435321331024 22
1682042553896 0.05341560021042824 23
1682042553935 0.05267471447587013 24
1682042553981 0.052472423762083054 25
1682042554020 0.052768778055906296 26
1682042554060 0.053497862070798874 27
1682042554100 0.054573286324739456 28
1682042554139 0.055894188582897186 29
1682042554178 0.05735168978571892 30
1682042554218 0.058835748583078384 31
1682042554257 0.060242243111133575 32
1682042554297 0.06147975102066994 33
1682042554338 0.06247524544596672 34
1682042554378 0.06317800283432007 35
1682042554418 0.06356128305196762 36
1682042554457 0.06362193077802658 37
1682042554497 0.06337830424308777 38
1682042554538 0.06286728382110596 39
1682042554577 0.06214066222310066 40
1682042554616 0.06126132979989052 41
1682042554656 0.06029906123876572 42
1682042554695 0.0593259371817112 43
1682042554735 0.05841134861111641 44
1682042554774 0.05761687830090523 45
1682042554814 0.05699165537953377 46
1682042554855 0.05656879022717476 47
1682042554903 0.05636350065469742 48
1682042554949 0.056373145431280136 49
1682042554994 0.056579023599624634 50
1682042555037 0.05694940313696861 51
1682042555081 0.05744325369596481 52
1682042555126 0.05801406875252724 53
1682042555170 0.05861355736851692 54
1682042555215 0.05919501185417175 55
1682042555260 0.05971639230847359 56
1682042555304 0.0601431280374527 57
1682042555348 0.0604504719376564 58
1682042555392 0.060625217854976654 59
1682042555436 0.060666389763355255 60
1682042555481 0.060584716498851776 61
1682042555523 0.06040087714791298 62
1682042555567 0.06014273688197136 63
1682042555608 0.05984201282262802 64
1682042555651 0.05953090637922287 65
1682042555695 0.05923912674188614 66
1682042555738 0.05899161845445633 67
1682042555782 0.05880698189139366 68
1682042555825 0.058696579188108444 69
1682042555875 0.05866411700844765 70
1682042555918 0.05870574712753296 71
1682042555959 0.05881068855524063 72
1682042556009 0.058962468057870865 73
1682042556052 0.059140775352716446 74
1682042556095 0.05932382494211197 75
1682042556137 0.05949084833264351 76
1682042556180 0.05962436646223068 77
1682042556223 0.05971185117959976 78
1682042556265 0.059746574610471725 79
1682042556306 0.05972767993807793 80
1682042556348 0.059659693390131 81
1682042556391 0.0595516711473465 82
1682042556434 0.05941609665751457 83
1682042556481 0.05926765128970146 84
1682042556532 0.05912183225154877 85
1682042556577 0.058993346989154816 86
1682042556634 0.0588945634663105 87
1682042556692 0.05883418023586273 88
1682042556735 0.05881636217236519 89
1682042556779 0.058840565383434296 90
1682042556824 0.05890196934342384 91
1682042556866 0.05899237096309662 92
1682042556906 0.05910133942961693 93
1682042556947 0.05921740084886551 94
1682042556987 0.05932914838194847 95
1682042557027 0.05942625179886818 96
1682042557066 0.059500377625226974 97
1682042557106 0.05954597145318985 98
1682042557145 0.05956074967980385 99
1682042557177 0.059545811265707016 99
