1682042544155 78.88241153293185 1
1682042544756 79.6336407131619 2
1682042545322 79.90768093532986 3
1682042545902 80.02459462483723 4
1682042546452 80.11148240831163 5
1682042547054 80.1129379272461 6
1682042547642 80.11331346299913 7
1682042548284 80.11343383789062 8
1682042548884 80.11346944173177 9
1682042549433 80.11348470052083 10
1682042550016 80.11349317762587 11
1682042550547 80.11349487304688 12
1682042551159 80.1135025024414 13
1682042551792 80.11350335015192 14
1682042552328 80.1135016547309 15
1682042557794 80.11349995930989 16
