1681962058657 99.69098663330078 0
1681962058738 103.13124084472656 0
1681962058819 103.1781005859375 0
1681962058900 103.19145202636719 0
1681962058983 103.19507598876953 0
1681962059064 103.19573974609375 0
1681962059145 103.19583892822266 0
1681962059225 103.19586181640625 0
1681962059307 103.19584655761719 0
1681962059389 103.19590759277344 0
1681962059470 103.1958999633789 0
1681962059551 103.19588470458984 0
1681962059632 103.19589233398438 0
1681962059713 103.19587707519531 0
1681962059795 103.19588470458984 0
1681962059875 103.19589233398438 0
1681962059955 103.1958999633789 0
1681962060036 103.19589233398438 0
1681962060119 103.19589233398438 0
1681962060199 103.19589233398438 0
1681962073551 103.19589233398438 0
1681962073633 103.19589233398438 0
1681962073716 103.19589233398438 0
1681962073798 103.19589233398438 0
1681962073882 103.19589233398438 0
1681962073965 103.19589233398438 0
1681962074055 103.19589233398438 0
1681962074143 103.19589233398438 0
1681962074233 103.19589233398438 0
1681962074323 103.19589233398438 0
1681962074412 103.19589233398438 0
1681962074501 103.19589233398438 0
1681962074589 103.19589233398438 0
1681962074678 103.19589233398438 0
1681962074767 103.19589233398438 0
1681962074855 103.19589233398438 0
1681962074945 103.19589233398438 0
1681962075032 103.19589233398438 0
1681962075115 103.19589233398438 0
1681962075199 103.19589233398438 0
