1681962065263 89.41059112548828 0
1681962065346 92.05928039550781 0
1681962065430 93.7263412475586 0
1681962065513 93.73171997070312 0
1681962065595 93.73169708251953 0
1681962065677 93.731689453125 0
1681962065759 93.73167419433594 0
1681962065843 93.73167419433594 0
1681962065926 93.73167419433594 0
1681962066008 93.73167419433594 0
1681962066090 93.73167419433594 0
1681962066173 93.73167419433594 0
1681962066257 93.73167419433594 0
1681962066341 93.73167419433594 0
1681962066424 93.73167419433594 0
1681962066506 93.73167419433594 0
1681962066588 93.73167419433594 0
1681962066670 93.73167419433594 0
1681962066753 93.73167419433594 0
1681962066837 93.73167419433594 0
1681962080197 93.73167419433594 0
1681962080278 93.73167419433594 0
1681962080358 93.73167419433594 0
1681962080439 93.73167419433594 0
1681962080526 93.73167419433594 0
1681962080618 93.73167419433594 0
1681962080705 93.73167419433594 0
1681962080789 93.73167419433594 0
1681962080872 93.73167419433594 0
1681962080962 93.73167419433594 0
1681962081049 93.73167419433594 0
1681962081131 93.73167419433594 0
1681962081213 93.73167419433594 0
1681962081299 93.73167419433594 0
1681962081393 93.73167419433594 0
1681962081488 93.73167419433594 0
1681962081591 93.73167419433594 0
1681962081682 93.73167419433594 0
1681962081783 93.73167419433594 0
1681962081875 93.73167419433594 0
