1681157305909 2610.2091369628906 0
1681157306170 2483.8064880371094 0
1681157306337 2439.8492126464844 0
1681157306513 2412.5140533447266 0
1681157306682 2393.0794677734375 0
1681157306848 2378.2625579833984 0
1681157307022 2366.4595336914062 0
1681157307189 2356.7637329101562 0
1681157307359 2348.615951538086 0
1681157307530 2341.645751953125 0
1681157307698 2335.597381591797 0
1681157307864 2330.2860412597656 0
1681157308030 2325.575958251953 0
1681157308198 2321.3631286621094 0
1681157308368 2317.5672149658203 0
1681157308537 2314.1254272460938 0
1681157308705 2310.987503051758 0
1681157308873 2308.1119689941406 0
1681157309040 2305.4657440185547 0
1681157309207 2303.0205993652344 0
1681157309376 2300.7535247802734 0
1681157309547 2298.6443939208984 0
1681157309715 2296.6769104003906 0
1681157309881 2294.8360900878906 0
1681157310047 2293.1096801757812 0
1681157310214 2291.486770629883 0
1681157310381 2289.957733154297 0
1681157310551 2288.5140838623047 0
1681157310718 2287.1484985351562 0
1681157310890 2285.854248046875 0
1681157794991 2633.7381744384766 0
1681157816011 2574.419219970703 0
1681157871800 2627.696319580078 0
1681157900508 2645.8177032470703 0
1681157902184 2621.239212036133 0
1681157907945 2620.3539428710938 0
1681157927057 2644.1597900390625 0
1681157948757 2521.548812866211 0
1681157956770 2656.7821197509766 0
1681157956941 2506.357406616211 0
1681157957109 2455.9513092041016 0
1681157957279 2424.303909301758 0
1681157957451 2402.0340118408203 0
1681157957619 2385.561965942383 0
1681157957798 2372.862548828125 0
1681157957977 2362.7168579101562 0
1681157958149 2354.372848510742 0
1681157958328 2347.3492279052734 0
1681157958508 2341.325698852539 0
1681157958692 2336.0794677734375 0
1681157958874 2331.4517974853516 0
1681157959055 2327.3256225585938 0
1681157959237 2323.6131134033203 0
1681157959418 2320.245819091797 0
1681157959598 2317.1712493896484 0
1681157959777 2314.3463287353516 0
1681157959961 2311.7374267578125 0
1681157960143 2309.3165283203125 0
1681157960322 2307.0609588623047 0
1681157960493 2304.951217651367 0
1681157960666 2302.9712524414062 0
1681157960838 2301.107467651367 0
1681157961007 2299.348098754883 0
1681157961175 2297.6834411621094 0
1681157961342 2296.104995727539 0
1681157961509 2294.6044158935547 0
1681157961686 2293.1758728027344 0
1681157961860 2291.8133544921875 0
1681158243964 2617.2061614990234 0
1681158244140 2492.5286407470703 0
1681158244320 2445.808609008789 0
1681158244504 2416.0926513671875 0
1681158244682 2395.1810913085938 0
1681158244854 2379.5772399902344 0
1681158245031 2367.4051208496094 0
1681158245211 2357.5786743164062 0
1681158245392 2349.4337463378906 0
1681158245571 2342.5399322509766 0
1681158245747 2336.606658935547 0
1681158245922 2331.428756713867 0
1681158246094 2326.858657836914 0
1681158246268 2322.785202026367 0
1681158246452 2319.124038696289 0
1681158246635 2315.810043334961 0
1681158246816 2312.7908630371094 0
1681158246996 2310.025115966797 0
1681158247178 2307.478759765625 0
1681158247353 2305.1241302490234 0
1681158247526 2302.938003540039 0
1681158247695 2300.901153564453 0
1681158247866 2298.997116088867 0
1681158248038 2297.2118072509766 0
1681158248222 2295.533401489258 0
1681158248399 2293.95166015625 0
1681158248576 2292.457077026367 0
1681158248755 2291.042434692383 0
1681158248928 2289.700439453125 0
1681158249100 2288.4251098632812 0
