1681157306015 35.624464917435 0
1681157306180 48.72508046482481 0
1681157306357 59.612731904028514 0
1681157306524 68.91586689663247 0
1681157306693 77.05632973019215 0
1681157306861 84.30533458004025 0
1681157307033 90.84564014658751 0
1681157307200 96.80630317888095 0
1681157307370 102.28211690414405 0
1681157307541 107.34501173727884 0
1681157307708 112.05106935328827 0
1681157307875 116.44502295294805 0
1681157308041 120.56324864291753 0
1681157308209 124.43581584162287 0
1681157308379 128.08793786322346 0
1681157308548 131.54101618694574 0
1681157308715 134.81341594651292 0
1681157308883 137.92104796529284 0
1681157309050 140.8778189905069 0
1681157309217 143.69597651966367 0
1681157309387 146.3863855768264 0
1681157309558 148.95874562261153 0
1681157309725 151.42176593055117 0
1681157309892 153.78330721199606 0
1681157310058 156.05049644082473 0
1681157310225 158.2298201345142 0
1681157310392 160.32720406617946 0
1681157310562 162.34807677263166 0
1681157310729 164.29742385906133 0
1681157310901 166.1798356699638 0
1681157956781 0.27910280451193037 0
1681157956952 0.2969073985124485 0
1681157957120 0.3045001484167969 0
1681157957290 0.3078777347806069 0
1681157957462 0.30883611344842843 0
1681157957630 0.30840437128486603 0
1681157957810 0.30718872453404295 0
1681157957987 0.30552841808603537 0
1681157958160 0.30361358850422987 0
1681157958339 0.3015538488998467 0
1681157958520 0.2994146826813369 0
1681157958703 0.2972365725514887 0
1681157958885 0.29504534663415705 0
1681157959067 0.29285790640062986 0
1681157959248 0.2906855482807357 0
1681157959430 0.2885359402129899 0
1681157959609 0.2864143491779064 0
1681157959788 0.2843243886845746 0
1681157959973 0.2822685141267764 0
1681157960154 0.28024838210929637 0
1681157960333 0.27826504192460455 0
1681157960504 0.2763190971322843 0
1681157960677 0.2744108305347601 0
1681157960849 0.2725402626899228 0
1681157961017 0.27070721105585327 0
1681157961185 0.26891135410811523 0
1681157961353 0.2671522384349967 0
1681157961520 0.2654293099448215 0
1681157961697 0.2637419551966655 0
1681157961871 0.26208947446891817 0
1681158243985 0.20227293525798506 0
1681158244151 0.20785739165936634 0
1681158244333 0.21352413111028926 0
1681158244515 0.21751890100237437 0
1681158244695 0.2199174357658939 0
1681158244865 0.22118246700183591 0
1681158245042 0.22169048838059882 0
1681158245223 0.22169257188720054 0
1681158245404 0.22135137811131722 0
1681158245582 0.22077368574225126 0
1681158245759 0.22003126084777755 0
1681158245932 0.21917351389045356 0
1681158246104 0.21823522885716187 0
1681158246279 0.21724136325746693 0
1681158246463 0.21621011699881504 0
1681158246646 0.21515494769753674 0
1681158246828 0.2140859204148432 0
1681158247007 0.21301062643249646 0
1681158247189 0.21193484028366477 0
1681158247364 0.21086297976552673 0
1681158247537 0.2097984318258245 0
1681158247705 0.20874379723113876 0
1681158247876 0.20770108333017775 0
1681158248050 0.206671817627125 0
1681158248233 0.2056571787500605 0
1681158248411 0.20465804936972065 0
1681158248587 0.20367509018186647 0
1681158248766 0.20270878717887808 0
1681158248939 0.20175947740941186 0
1681158249111 0.20082739903826716 0
