1682039352626 97.08769226074219 0
1682039352644 97.08770751953125 1
1682039352664 97.08771514892578 2
1682039352685 97.08773040771484 3
1682039352703 97.0877456665039 4
1682039352723 97.08776092529297 5
1682039352741 97.08777618408203 6
1682039352760 97.08778381347656 7
1682039352781 97.08779907226562 8
1682039352801 97.08780670166016 9
1682039352820 97.08781433105469 10
1682039352844 97.08782196044922 11
1682039352872 97.08782958984375 12
1682039352901 97.08783721923828 13
1682039352923 97.08783721923828 14
1682039352943 97.08783721923828 15
1682039352966 97.08784484863281 16
1682039352987 97.08784484863281 17
1682039353014 97.08784484863281 18
1682039353038 97.08784484863281 19
1682039353059 97.08784484863281 20
1682039353083 97.08784484863281 21
1682039353104 97.08783721923828 22
1682039353123 97.08783721923828 23
1682039353142 97.08783721923828 24
1682039353159 97.08783721923828 25
1682039353177 97.08783721923828 26
1682039353195 97.08783721923828 27
1682039353213 97.08783721923828 28
1682039353230 97.08782958984375 29
1682039353250 97.08782958984375 30
1682039353270 97.08782958984375 31
1682039353287 97.08782958984375 32
1682039353305 97.08782958984375 33
1682039353323 97.08782196044922 34
1682039353340 97.08782196044922 35
1682039353357 97.08782196044922 36
1682039353374 97.08782196044922 37
1682039353392 97.08782196044922 38
1682039353409 97.08782196044922 39
1682039353426 97.08782196044922 40
1682039353443 97.08782196044922 41
1682039353461 97.08782196044922 42
1682039353478 97.08782196044922 43
1682039353496 97.08781433105469 44
1682039353513 97.08781433105469 45
1682039353530 97.08781433105469 46
1682039353547 97.08781433105469 47
1682039353567 97.08781433105469 48
1682039353588 97.08781433105469 49
1682039353606 97.08781433105469 50
1682039353625 97.08782196044922 51
1682039353643 97.08782196044922 52
1682039353662 97.08782196044922 53
1682039353681 97.08782196044922 54
1682039353701 97.08782196044922 55
1682039353723 97.08782196044922 56
1682039353745 97.08782196044922 57
1682039353768 97.08782196044922 58
1682039353795 97.08782196044922 59
1682039353823 97.08782196044922 60
1682039353844 97.08782196044922 61
1682039353863 97.08782196044922 62
1682039353884 97.08782196044922 63
1682039353906 97.08782196044922 64
1682039353931 97.08782196044922 65
1682039353956 97.08782196044922 66
1682039353977 97.08782196044922 67
1682039353995 97.08782196044922 68
1682039354014 97.08782196044922 69
1682039354035 97.08782196044922 70
1682039354056 97.08782196044922 71
1682039354075 97.08782196044922 72
1682039354093 97.08782196044922 73
1682039354112 97.08782196044922 74
1682039354131 97.08782196044922 75
1682039354149 97.08782196044922 76
1682039354170 97.08782196044922 77
1682039354192 97.08782196044922 78
1682039354214 97.08782196044922 79
1682039354234 97.08782196044922 80
1682039354257 97.08782196044922 81
1682039354288 97.08782196044922 82
1682039354314 97.08782196044922 83
1682039354333 97.08782196044922 84
1682039354356 97.08782196044922 85
1682039354377 97.08782196044922 86
1682039354404 97.08782196044922 87
1682039354432 97.08782196044922 88
1682039354452 97.08782196044922 89
1682039354471 97.08782196044922 90
1682039354491 97.08782196044922 91
1682039354510 97.08782196044922 92
1682039354528 97.08782196044922 93
1682039354545 97.08782196044922 94
1682039354562 97.08782196044922 95
1682039354580 97.08782196044922 96
1682039354599 97.08782196044922 97
1682039354620 97.08782196044922 98
1682039354638 97.08782196044922 99
