1682039302139 78.88241153293185 1
1682039302690 79.6336407131619 2
1682039303242 79.90768093532986 3
1682039303792 80.02459462483723 4
1682039304343 80.11148240831163 5
1682039304898 80.1129379272461 6
1682039305450 80.11331346299913 7
1682039306039 80.11343383789062 8
1682039306850 80.11346944173177 9
1682039307481 80.11348470052083 10
1682039308170 80.11349317762587 11
1682039308860 80.11349487304688 12
1682039309395 80.1135025024414 13
1682039309944 80.11350335015192 14
1682039310536 80.1135016547309 15
