1682047704264 97.08769226074219 0
1682047704309 97.08770751953125 1
1682047704352 97.08772277832031 2
1682047704395 97.08773803710938 3
1682047704438 97.08775329589844 4
1682047704481 97.0877685546875 5
1682047704523 97.08778381347656 6
1682047704566 97.08780670166016 7
1682047704608 97.08782196044922 8
1682047704651 97.08783721923828 9
1682047704693 97.08785247802734 10
1682047704736 97.08787536621094 11
1682047704777 97.08789825439453 12
1682047704818 97.0879135131836 13
1682047704860 97.08792877197266 14
1682047704900 97.08795166015625 15
1682047704940 97.08797454833984 16
1682047704981 97.08799743652344 17
1682047705022 97.08802032470703 18
1682047705063 97.0880355834961 19
1682047705103 97.08806610107422 20
1682047705144 97.08808898925781 21
1682047705185 97.0881118774414 22
1682047705226 97.088134765625 23
1682047705268 97.0881576538086 24
1682047705309 97.08818817138672 25
1682047705350 97.08821868896484 26
1682047705391 97.08824157714844 27
1682047705432 97.08827209472656 28
1682047705473 97.08830261230469 29
1682047705513 97.08833312988281 30
1682047705554 97.08836364746094 31
1682047705596 97.08839416503906 32
1682047705637 97.08843231201172 33
1682047705679 97.08846282958984 34
1682047705719 97.0885009765625 35
1682047705760 97.08853912353516 36
1682047705801 97.08857727050781 37
1682047705843 97.08861541748047 38
1682047705884 97.08866119384766 39
1682047705924 97.08869934082031 40
1682047705965 97.0887451171875 41
1682047706005 97.08879089355469 42
1682047706047 97.0888442993164 43
1682047706088 97.0888900756836 44
1682047706129 97.08894348144531 45
1682047706170 97.08899688720703 46
1682047706212 97.08905029296875 47
1682047706253 97.08910369873047 48
1682047706294 97.08916473388672 49
1682047706327 97.08916473388672 49
