1682047704278 0.0 0
1682047704322 0.00999726727604866 1
1682047704366 0.019982043653726578 2
1682047704409 0.02994489297270775 3
1682047704452 0.03987548127770424 4
1682047704494 0.04976220428943634 5
1682047704536 0.059592194855213165 6
1682047704580 0.06935171037912369 7
1682047704622 0.07902546972036362 8
1682047704665 0.08859649300575256 9
1682047704707 0.09804627299308777 10
1682047704749 0.10735473781824112 11
1682047704790 0.11649990826845169 12
1682047704830 0.1254577785730362 13
1682047704872 0.13420219719409943 14
1682047704912 0.14270512759685516 15
1682047704953 0.15093646943569183 16
1682047704994 0.1588636338710785 17
1682047705034 0.16645145416259766 18
1682047705075 0.17366355657577515 19
1682047705115 0.1804613620042801 20
1682047705157 0.1868051141500473 21
1682047705198 0.19265349209308624 22
1682047705239 0.1979653239250183 23
1682047705281 0.20269978046417236 24
1682047705322 0.20681649446487427 25
1682047705363 0.2102782428264618 26
1682047705403 0.2130511850118637 27
1682047705445 0.2151055634021759 28
1682047705485 0.21641720831394196 29
1682047705526 0.21696889400482178 30
1682047705567 0.21675220131874084 31
1682047705609 0.2157651036977768 32
1682047705650 0.21401509642601013 33
1682047705691 0.21151690185070038 34
1682047705732 0.2082941085100174 35
1682047705773 0.20437858998775482 36
1682047705814 0.1998090296983719 37
1682047705855 0.19463059306144714 38
1682047705896 0.1888953596353531 39
1682047705937 0.18266038596630096 40
1682047705978 0.1759885847568512 41
1682047706018 0.1689487099647522 42
1682047706060 0.16161660850048065 43
1682047706101 0.15407615900039673 44
1682047706141 0.14642184972763062 45
1682047706184 0.13876144587993622 46
1682047706225 0.13121870160102844 47
1682047706266 0.12393929064273834 48
1682047706307 0.11709699034690857 49
1682047706340 0.11089693009853363 49
