1682047704268 0.0 0
1682047704312 0.009999582543969154 1
1682047704356 0.02000480517745018 2
1682047704399 0.030019409954547882 3
1682047704442 0.04004712402820587 4
1682047704484 0.05009165406227112 5
1682047704527 0.0601566880941391 6
1682047704570 0.07024587690830231 7
1682047704612 0.08036285638809204 8
1682047704654 0.09051122516393661 9
1682047704697 0.10069454461336136 10
1682047704739 0.11091636121273041 11
1682047704781 0.12118016928434372 12
1682047704821 0.13148944079875946 13
1682047704863 0.141847625374794 14
1682047704903 0.15225812792778015 15
1682047704943 0.1627243459224701 16
1682047704984 0.17324964702129364 17
1682047705025 0.18383736908435822 18
1682047705066 0.19449084997177124 19
1682047705106 0.20521339774131775 20
1682047705147 0.21600832045078278 21
1682047705189 0.22687889635562897 22
1682047705230 0.23782841861248016 23
1682047705271 0.248860165476799 24
1682047705312 0.25997740030288696 25
1682047705353 0.27118340134620667 26
1682047705394 0.28248143196105957 27
1682047705435 0.29387468099594116 28
1682047705476 0.3053663969039917 29
1682047705516 0.3169597089290619 30
1682047705557 0.32865777611732483 31
1682047705599 0.34046363830566406 32
1682047705640 0.35238027572631836 33
1682047705682 0.3644106090068817 34
1682047705722 0.3765573799610138 35
1682047705763 0.3888232111930847 36
1682047705805 0.40121060609817505 37
1682047705846 0.41372185945510864 38
1682047705887 0.426359087228775 39
1682047705927 0.439124196767807 40
1682047705968 0.4520188868045807 41
1682047706009 0.46504461765289307 42
1682047706050 0.47820258140563965 43
1682047706091 0.49149376153945923 44
1682047706132 0.5049188733100891 45
1682047706174 0.5184783339500427 46
1682047706215 0.5321723222732544 47
1682047706256 0.5460007786750793 48
1682047706297 0.5599633455276489 49
1682047706331 0.5740594267845154 49
