1682047704292 0.0 0
1682047704336 -0.009990566410124302 1
1682047704378 -0.019986238330602646 2
1682047704421 -0.029990367591381073 3
1682047704464 -0.040006306022405624 4
1682047704506 -0.05003742128610611 5
1682047704550 -0.06008707359433174 6
1682047704592 -0.07015860825777054 7
1682047704634 -0.08025536686182022 8
1682047704677 -0.09038069099187851 9
1682047704719 -0.10053790360689163 10
1682047704761 -0.11073031276464462 11
1682047704801 -0.12096120417118073 12
1682047704843 -0.13123387098312378 13
1682047704884 -0.14155158400535583 14
1682047704924 -0.15191759169101715 15
1682047704965 -0.16233515739440918 16
1682047705005 -0.172807514667511 17
1682047705047 -0.18333792686462402 18
1682047705086 -0.19392965734004974 19
1682047705128 -0.2045859545469284 20
1682047705169 -0.21531011164188385 21
1682047705210 -0.2261054366827011 22
1682047705251 -0.2369752675294876 23
1682047705293 -0.24792297184467316 24
1682047705334 -0.25895196199417114 25
1682047705375 -0.2700657248497009 26
1682047705415 -0.2812677323818207 27
1682047705457 -0.2925615608692169 28
1682047705497 -0.30395081639289856 29
1682047705537 -0.3154391348361969 30
1682047705579 -0.327030211687088 31
1682047705620 -0.338727742433548 32
1682047705663 -0.35053548216819763 33
1682047705703 -0.36245715618133545 34
1682047705744 -0.3744964897632599 35
1682047705785 -0.38665711879730225 36
1682047705826 -0.39894264936447144 37
1682047705868 -0.41135653853416443 38
1682047705908 -0.4239021837711334 39
1682047705949 -0.4365827739238739 40
1682047705989 -0.449401319026947 41
1682047706030 -0.4623606503009796 42
1682047706072 -0.475463330745697 43
1682047706112 -0.4887116849422455 44
1682047706154 -0.5021077394485474 45
1682047706196 -0.515653133392334 46
1682047706237 -0.5293492674827576 47
1682047706278 -0.5431970953941345 48
1682047706318 -0.5571972131729126 49
1682047706353 -0.5713497400283813 49
