1682047656633 78.88241153293185 1
1682047657182 79.6336407131619 2
1682047657725 79.90768093532986 3
1682047658267 80.02459462483723 4
1682047658813 80.11148240831163 5
1682047659360 80.1129379272461 6
1682047659906 80.11331346299913 7
1682047660449 80.11343383789062 8
1682047660991 80.11346944173177 9
1682047661536 80.11348470052083 10
1682047662079 80.11349317762587 11
1682047662621 80.11349487304688 12
1682047663170 80.1135025024414 13
1682047663712 80.11350335015192 14
1682047664256 80.1135016547309 15
