1681696474443 0.28169533659881907 0
1681696474623 0.31827248811530784 0
1681696474795 0.33353417725563494 0
1681696474970 0.34194731846073123 0
1681696475145 0.3472840648967558 0
1681696475322 0.35094872191774373 0
1681696475501 0.353590218761462 0
1681696475688 0.3555541788876002 0
1681696475871 0.35704375208496486 0
1681696476053 0.3581872506174273 0
1681696476233 0.35907022663836013 0
1681696476427 0.3597521770212974 0
1681696476606 0.360275984067145 0
1681696476795 0.36067338390248094 0
1681696476988 0.36096836534635146 0
1681696477168 0.36117958130722205 0
1681696477345 0.3613215837172636 0
1681696477524 0.3614059865813838 0
1681696477701 0.3614422816769796 0
1681696477879 0.3614379548984564 0
1681696478057 0.3613994197066311 0
1681696478235 0.3613319014144069 0
1681696478415 0.3612396042410866 0
1681696478593 0.36112629791561524 0
1681696478770 0.36099500448364275 0
1681696478947 0.3608483091746256 0
1681696479124 0.3606884175121289 0
1681696479303 0.3605171605067267 0
1681696479480 0.36033615423258314 0
1681696479657 0.36014690197757004 0
1681696479835 0.3599500767632176 0
1681696480013 0.35974716059058576 0
1681696480189 0.3595387961547605 0
1681696480365 0.3593257504844688 0
1681696480542 0.3591088361619376 0
1681696480718 0.35888833827925437 0
1681696480895 0.35866423562645455 0
1681696481072 0.35843781966348154 0
1681696481250 0.35820907022102155 0
1681696481428 0.35797830578417666 0
