1681175583708 2616.1116943359375 0
1681175603085 2620.157730102539 0
1681175608876 2602.7096557617188 0
1681175614634 2615.5113220214844 0
1681175621214 2653.510696411133 0
1681175667791 2631.867721557617 0
1681175686777 2619.7017364501953 0
1681175686950 2493.6834106445312 0
1681175687118 2445.7040252685547 0
1681175687281 2416.544174194336 0
1681175687450 2396.180465698242 0
1681175687616 2380.8604583740234 0
1681175687782 2368.776840209961 0
1681175687950 2358.924774169922 0
1681175688120 2350.690933227539 0
1681175688296 2343.6768493652344 0
1681175688466 2337.608444213867 0
1681175688635 2332.2922973632812 0
1681175688802 2327.585693359375 0
1681175688970 2323.3824920654297 0
1681175689142 2319.5994567871094 0
1681175689317 2316.1732025146484 0
1681175689489 2313.0515747070312 0
1681175689659 2310.193557739258 0
1681175689828 2307.5651092529297 0
1681175689997 2305.1371002197266 0
1681175690165 2302.8866577148438 0
1681175690335 2300.7928466796875 0
1681175690503 2298.8394317626953 0
1681175690670 2297.0106658935547 0
1681175690837 2295.2943725585938 0
1681175691003 2293.679733276367 0
1681175691174 2292.156478881836 0
1681175691342 2290.7164154052734 0
1681175691507 2289.3523864746094 0
1681175691674 2288.057647705078 0
1681175766240 2650.028274536133 0
1681175766424 2543.9293823242188 0
1681175766595 2491.2743072509766 0
1681175766766 2451.9589233398438 0
1681175766941 2423.826141357422 0
1681175767125 2403.153564453125 0
1681175767309 2387.427947998047 0
1681175767485 2375.1073150634766 0
1681175767655 2365.170867919922 0
1681175767828 2356.945556640625 0
1681175767998 2349.985137939453 0
1681175768180 2343.986831665039 0
1681175768352 2338.7396240234375 0
1681175768519 2334.090835571289 0
1681175768684 2329.928970336914 0
1681175768849 2326.1691131591797 0
1681175769017 2322.7462158203125 0
1681175769184 2319.6085815429688 0
1681175769356 2316.7161712646484 0
1681175769535 2314.035690307617 0
1681175769716 2311.540283203125 0
1681175769898 2309.2081604003906 0
1681175770078 2307.0201721191406 0
1681175770259 2304.961151123047 0
1681175770456 2303.017868041992 0
1681175770633 2301.1791229248047 0
1681175770800 2299.4346771240234 0
1681175770970 2297.776824951172 0
1681175771150 2296.197723388672 0
1681175771326 2294.691421508789 0
1681175809961 2618.1723022460938 0
1681175810132 2510.5172576904297 0
1681175810299 2464.0515747070312 0
1681175810463 2434.7628784179688 0
1681175810631 2413.0315551757812 0
1681175810798 2395.4339294433594 0
1681175810966 2380.8980865478516 0
1681175811136 2369.007797241211 0
1681175811322 2359.266830444336 0
1681175811502 2351.1729278564453 0
1681175811680 2344.327865600586 0
1681175811854 2338.442428588867 0
1681175812027 2333.309326171875 0
1681175812197 2328.777801513672 0
1681175812378 2324.7362365722656 0
1681175812560 2321.0993041992188 0
1681175812738 2317.8019104003906 0
1681175812903 2314.791793823242 0
1681175813071 2312.028076171875 0
1681175813250 2309.4769134521484 0
1681175813435 2307.1107788085938 0
1681175813618 2304.9073486328125 0
1681175813803 2302.8473052978516 0
1681175813981 2300.9147186279297 0
1681175814162 2299.096405029297 0
1681175814354 2297.3804931640625 0
1681175814534 2295.756866455078 0
1681175814714 2294.2172088623047 0
1681175814896 2292.7542419433594 0
1681175815082 2291.3614807128906 0
