1682048199269 0.0 0
1682048199311 -0.9996874928474426 1
1682048199351 -1.8281137943267822 2
1682048199390 -2.624382495880127 3
1682048199430 -3.497438430786133 4
1682048199470 -4.324883460998535 5
1682048199518 -5.057758331298828 6
1682048199565 -5.701940059661865 7
1682048199614 -6.270819187164307 8
1682048199671 -6.776108741760254 9
1682048199719 -7.2271552085876465 10
1682048199762 -7.63140869140625 11
1682048199807 -7.994899749755859 12
1682048199851 -8.322592735290527 13
1682048199894 -8.61863899230957 14
1682048199934 -8.886554718017578 15
1682048199974 -9.129354476928711 16
1682048200014 -9.349645614624023 17
1682048200054 -9.549702644348145 18
1682048200093 -9.731523513793945 19
1682048200134 -9.896872520446777 20
1682048200174 -10.047317504882812 21
1682048200214 -10.184256553649902 22
1682048200253 -10.308941841125488 23
1682048200292 -10.42249584197998 24
1682048200333 -10.525931358337402 25
1682048200382 -10.620162010192871 26
1682048200428 -10.706013679504395 27
1682048200486 -10.784235000610352 28
1682048200541 -10.855504989624023 29
1682048200585 -10.920439720153809 30
1682048200630 -10.979599952697754 31
1682048200673 -11.033495903015137 32
1682048200717 -11.082592010498047 33
1682048200758 -11.127311706542969 34
1682048200798 -11.168041229248047 35
1682048200837 -11.205131530761719 36
1682048200876 -11.238903999328613 37
1682048200917 -11.269651412963867 38
1682048200957 -11.297640800476074 39
1682048200997 -11.323116302490234 40
1682048201036 -11.34630012512207 41
1682048201076 -11.367395401000977 42
1682048201116 -11.386587142944336 43
1682048201155 -11.404045104980469 44
1682048201194 -11.419922828674316 45
1682048201234 -11.434361457824707 46
1682048201274 -11.447489738464355 47
1682048201322 -11.45942497253418 48
1682048201368 -11.470273971557617 49
1682048201408 -11.480134010314941 49
