1682048199257 0.0 0
1682048199299 0.999981701374054 1
1682048199339 1.8677854537963867 2
1682048199379 2.7335197925567627 3
1682048199419 3.6464524269104004 4
1682048199458 4.5039849281311035 5
1682048199500 5.263975143432617 6
1682048199551 5.9323272705078125 7
1682048199597 6.522644996643066 8
1682048199652 7.047007083892822 9
1682048199705 7.515092372894287 10
1682048199750 7.934621810913086 11
1682048199794 8.311849594116211 12
1682048199838 8.651927947998047 13
1682048199882 8.959163665771484 14
1682048199922 9.237204551696777 15
1682048199963 9.489181518554688 16
1682048200002 9.717798233032227 17
1682048200043 9.9254150390625 18
1682048200082 10.114106178283691 19
1682048200122 10.285700798034668 20
1682048200162 10.4418306350708 21
1682048200202 10.583944320678711 22
1682048200241 10.713338851928711 23
1682048200281 10.831181526184082 24
1682048200320 10.938523292541504 25
1682048200369 11.0363130569458 26
1682048200414 11.125407218933105 27
1682048200468 11.20658016204834 28
1682048200527 11.280540466308594 29
1682048200573 11.347926139831543 30
1682048200616 11.409321784973145 31
1682048200660 11.465253829956055 32
1682048200704 11.516206741333008 33
1682048200746 11.5626220703125 34
1682048200786 11.604898452758789 35
1682048200826 11.643400192260742 36
1682048200865 11.67845630645752 37
1682048200905 11.710369110107422 38
1682048200945 11.739419937133789 39
1682048200985 11.765861511230469 40
1682048201025 11.789926528930664 41
1682048201065 11.811824798583984 42
1682048201104 11.831746101379395 43
1682048201144 11.849865913391113 44
1682048201183 11.866345405578613 45
1682048201223 11.881333351135254 46
1682048201262 11.89495849609375 47
1682048201306 11.907344818115234 48
1682048201354 11.91860294342041 49
1682048201391 11.928836822509766 49
