1682048199259 0.0 0
1682048199301 0.9999576210975647 1
1682048199341 1.9841535091400146 2
1682048199381 2.9487810134887695 3
1682048199421 3.784308910369873 4
1682048199460 4.495020389556885 5
1682048199504 5.107698917388916 6
1682048199554 5.642846584320068 7
1682048199600 6.114526748657227 8
1682048199656 6.533271312713623 9
1682048199707 6.907051086425781 10
1682048199752 7.242048263549805 11
1682048199797 7.543255805969238 12
1682048199840 7.814802169799805 13
1682048199884 8.06011962890625 14
1682048199924 8.282096862792969 15
1682048199965 8.483278274536133 16
1682048200005 8.66578197479248 17
1682048200045 8.831512451171875 18
1682048200085 8.982123374938965 19
1682048200125 9.119050979614258 20
1682048200165 9.243657112121582 21
1682048200204 9.35707950592041 22
1682048200244 9.460333824157715 23
1682048200283 9.55435848236084 24
1682048200322 9.639995574951172 25
1682048200372 9.718019485473633 26
1682048200417 9.789093017578125 27
1682048200472 9.8538236618042 28
1682048200530 9.912811279296875 29
1682048200575 9.966548919677734 30
1682048200619 10.015543937683105 31
1682048200662 10.060178756713867 32
1682048200707 10.100861549377441 33
1682048200748 10.137981414794922 34
1682048200788 10.171833038330078 35
1682048200828 10.2027006149292 36
1682048200867 10.2307767868042 37
1682048200907 10.256300926208496 38
1682048200948 10.27954387664795 39
1682048200988 10.30069637298584 40
1682048201027 10.319972038269043 41
1682048201067 10.337532043457031 42
1682048201106 10.35349178314209 43
1682048201146 10.3679838180542 44
1682048201185 10.381158828735352 45
1682048201225 10.393166542053223 46
1682048201264 10.404052734375 47
1682048201310 10.413935661315918 48
1682048201357 10.422917366027832 49
1682048201394 10.431105613708496 49
