1682048199249 97.08769226074219 0
1682048199293 97.09293365478516 1
1682048199334 97.12189483642578 2
1682048199373 97.18170928955078 3
1682048199413 97.23697662353516 4
1682048199453 97.26545715332031 5
1682048199493 97.27729797363281 6
1682048199545 97.2821044921875 7
1682048199591 97.28414154052734 8
1682048199645 97.28506469726562 9
1682048199699 97.28551483154297 10
1682048199743 97.2857437133789 11
1682048199788 97.2858657836914 12
1682048199832 97.28594207763672 13
1682048199876 97.28598022460938 14
1682048199916 97.2860107421875 15
1682048199957 97.28602600097656 16
1682048199997 97.28604125976562 17
1682048200037 97.28604888916016 18
1682048200077 97.28605651855469 19
1682048200117 97.28605651855469 20
1682048200157 97.28606414794922 21
1682048200196 97.28606414794922 22
1682048200236 97.28606414794922 23
1682048200275 97.28606414794922 24
1682048200315 97.28606414794922 25
1682048200363 97.28607177734375 26
1682048200408 97.28607177734375 27
1682048200461 97.28607177734375 28
1682048200520 97.28607177734375 29
1682048200566 97.28607177734375 30
1682048200610 97.28607177734375 31
1682048200653 97.28607177734375 32
1682048200698 97.28607177734375 33
1682048200740 97.28607177734375 34
1682048200780 97.28607177734375 35
1682048200821 97.28607177734375 36
1682048200859 97.28607177734375 37
1682048200899 97.28607177734375 38
1682048200940 97.28607177734375 39
1682048200980 97.28607177734375 40
1682048201020 97.28607177734375 41
1682048201059 97.28607177734375 42
1682048201099 97.28607177734375 43
1682048201138 97.28607177734375 44
1682048201178 97.28607177734375 45
1682048201217 97.28607177734375 46
1682048201257 97.28607177734375 47
1682048201299 97.28607177734375 48
1682048201348 97.28607177734375 49
1682048201385 97.28607177734375 49
