1682048199254 0.0 0
1682048199296 0.9999581575393677 1
1682048199337 1.7944879531860352 2
1682048199377 2.5687222480773926 3
1682048199416 3.4284250736236572 4
1682048199456 4.248124122619629 5
1682048199497 4.9757843017578125 6
1682048199548 5.61596155166626 7
1682048199594 6.181511878967285 8
1682048199649 6.683926105499268 9
1682048199702 7.13244104385376 10
1682048199747 7.534440517425537 11
1682048199791 7.895911693572998 12
1682048199835 8.221787452697754 13
1682048199879 8.516194343566895 14
1682048199920 8.78262710571289 15
1682048199960 9.024084091186523 16
1682048200000 9.243157386779785 17
1682048200040 9.442108154296875 18
1682048200080 9.622922897338867 19
1682048200120 9.78735637664795 20
1682048200160 9.936969757080078 21
1682048200200 10.073152542114258 22
1682048200239 10.197147369384766 23
1682048200279 10.310072898864746 24
1682048200318 10.412936210632324 25
1682048200367 10.506646156311035 26
1682048200411 10.592022895812988 27
1682048200465 10.66981029510498 28
1682048200524 10.74068546295166 29
1682048200570 10.80526065826416 30
1682048200614 10.864093780517578 31
1682048200657 10.917692184448242 32
1682048200701 10.96651840209961 33
1682048200743 11.010993957519531 34
1682048200784 11.051502227783203 35
1682048200824 11.08839225769043 36
1682048200863 11.121981620788574 37
1682048200903 11.15256118774414 38
1682048200943 11.180397987365723 39
1682048200983 11.205734252929688 40
1682048201023 11.228792190551758 41
1682048201062 11.249773979187012 42
1682048201102 11.268861770629883 43
1682048201142 11.286224365234375 44
1682048201181 11.30201530456543 45
1682048201220 11.316376686096191 46
1682048201260 11.32943344116211 47
1682048201302 11.341302871704102 48
1682048201351 11.352091789245605 49
1682048201388 11.361898422241211 49
