1682048199276 0.0 0
1682048199317 -0.9990566372871399 1
1682048199357 -1.8107026815414429 2
1682048199397 -2.614384889602661 3
1682048199437 -3.482076406478882 4
1682048199476 -4.268632888793945 5
1682048199527 -4.952740669250488 6
1682048199573 -5.550827980041504 7
1682048199624 -6.078155040740967 8
1682048199680 -6.546291828155518 9
1682048199726 -6.9640936851501465 10
1682048199771 -7.338521480560303 11
1682048199815 -7.6751813888549805 12
1682048199859 -7.97868013381958 13
1682048199900 -8.252864837646484 14
1682048199941 -8.500995635986328 15
1682048199981 -8.725863456726074 16
1682048200021 -8.929884910583496 17
1682048200061 -9.115165710449219 18
1682048200100 -9.28355598449707 19
1682048200141 -9.436691284179688 20
1682048200181 -9.57602310180664 21
1682048200220 -9.70284652709961 22
1682048200260 -9.818320274353027 23
1682048200299 -9.92348575592041 24
1682048200343 -10.019280433654785 25
1682048200390 -10.106549263000488 26
1682048200437 -10.186058044433594 27
1682048200497 -10.258500099182129 28
1682048200549 -10.324503898620605 29
1682048200593 -10.38464069366455 30
1682048200637 -10.43942928314209 31
1682048200680 -10.48934268951416 32
1682048200724 -10.534811019897461 33
1682048200764 -10.576226234436035 34
1682048200805 -10.613945960998535 35
1682048200844 -10.648295402526855 36
1682048200883 -10.679572105407715 37
1682048200924 -10.708046913146973 38
1682048200964 -10.733967781066895 39
1682048201004 -10.757559776306152 40
1682048201043 -10.779029846191406 41
1682048201083 -10.798565864562988 42
1682048201122 -10.816339492797852 43
1682048201162 -10.832507133483887 44
1682048201201 -10.847211837768555 45
1682048201241 -10.860583305358887 46
1682048201280 -10.87274169921875 47
1682048201331 -10.883794784545898 48
1682048201376 -10.893841743469238 49
1682048201419 -10.902972221374512 49
