1682048199266 0.0 0
1682048199308 0.9996254444122314 1
1682048199348 1.751137375831604 2
1682048199388 2.471027374267578 3
1682048199428 3.283921718597412 4
1682048199467 4.14475154876709 5
1682048199514 4.976808071136475 6
1682048199563 5.7450456619262695 7
1682048199611 6.44176721572876 8
1682048199667 7.0699357986450195 9
1682048199716 7.635691165924072 10
1682048199760 8.14561653137207 11
1682048199805 8.605849266052246 12
1682048199848 9.0218505859375 13
1682048199891 9.398402214050293 14
1682048199931 9.739675521850586 15
1682048199972 10.049314498901367 16
1682048200012 10.330513954162598 17
1682048200052 10.586087226867676 18
1682048200091 10.818521499633789 19
1682048200132 11.030025482177734 20
1682048200172 11.222569465637207 21
1682048200211 11.39791488647461 22
1682048200250 11.557642936706543 23
1682048200290 11.70317554473877 24
1682048200330 11.835795402526855 25
1682048200380 11.95666217803955 26
1682048200424 12.066825866699219 27
1682048200483 12.167237281799316 28
1682048200538 12.25876235961914 29
1682048200583 12.342185974121094 30
1682048200628 12.418222427368164 31
1682048200670 12.487523078918457 32
1682048200715 12.550680160522461 33
1682048200755 12.608235359191895 34
1682048200795 12.660679817199707 35
1682048200835 12.708464622497559 36
1682048200874 12.751996994018555 37
1682048200914 12.79165267944336 38
1682048200955 12.827773094177246 39
1682048200995 12.860671043395996 40
1682048201034 12.890630722045898 41
1682048201074 12.917912483215332 42
1682048201113 12.942752838134766 43
1682048201153 12.965368270874023 44
1682048201192 12.985957145690918 45
1682048201232 13.004700660705566 46
1682048201272 13.021761894226074 47
1682048201319 13.037291526794434 48
1682048201365 13.051426887512207 49
1682048201404 13.064292907714844 49
