1682519426646 0.31896246958921615 0
1682519427577 0.3796077933156321 0
1682519428502 0.4043120013871928 0
1682519429417 0.4121446495462562 0
1682519430305 0.4134289705310311 0
1682519431206 0.41204028676491994 0
1682519432118 0.4094548248487957 0
1682519433030 0.4063490911428593 0
1682519433910 0.40308634487681017 0
1682519434790 0.39987686866249406 0
1682519435678 0.3968394728461355 0
1682519436569 0.3940315624921691 0
1682519437459 0.3914674549126597 0
1682519438338 0.38913244337091546 0
1682519439248 0.3869962551233543 0
1682519440164 0.38502585383570853 0
1682519441068 0.38319497434436167 0
1682519441953 0.38148817242279365 0
1682519442840 0.3798999094837282 0
1682519443727 0.37843050576583903 0
1682519444612 0.377081821840881 0
1682519445498 0.37585400893038134 0
1682519446396 0.3747439609992642 0
1682519447282 0.37374513872220005 0
1682519448168 0.37284833306492093 0
1682519449050 0.3720427392205139 0
1682519449934 0.37131703467276395 0
1682519450818 0.37066016488020626 0
1682519451700 0.37006193506860197 0
1682519452584 0.3695132966588679 0
