1682519425847 2608.635528564453 0
1682519426822 2528.558319091797 0
1682519427732 2500.6720123291016 0
1682519428672 2480.2286834716797 0
1682519429573 2466.305862426758 0
1682519430462 2456.505844116211 0
1682519431362 2449.2035369873047 0
1682519432282 2443.559112548828 0
1682519433181 2439.10009765625 0
1682519434063 2435.529083251953 0
1682519434945 2432.6390686035156 0
1682519435841 2430.2777404785156 0
1682519436723 2428.32861328125 0
1682519437610 2426.7017974853516 0
1682519438494 2425.3280639648438 0
1682519439402 2424.1536254882812 0
1682519440322 2423.1392822265625 0
1682519441223 2422.2562103271484 0
1682519442107 2421.4837036132812 0
1682519442993 2420.8063201904297 0
1682519443880 2420.212356567383 0
1682519444764 2419.6915130615234 0
1682519445653 2419.235366821289 0
1682519446550 2418.8350677490234 0
1682519447435 2418.4835357666016 0
1682519448321 2418.1732635498047 0
1682519449203 2417.8985443115234 0
1682519450087 2417.653564453125 0
1682519450972 2417.433639526367 0
1682519451853 2417.235122680664 0
