1682519426230 0.38316666666666666 0
1682519427192 0.451 0
1682519428103 0.4806666666666666 0
1682519429040 0.49133333333333334 0
1682519429930 0.5183333333333333 0
1682519430829 0.5265 0
1682519431718 0.48100000000000004 0
1682519432653 0.5036666666666667 0
1682519433536 0.4863333333333333 0
1682519434418 0.48350000000000004 0
1682519435301 0.47866666666666663 0
1682519436197 0.4825 0
1682519437084 0.4831666666666667 0
1682519437964 0.48649999999999993 0
1682519438870 0.48633333333333334 0
1682519439760 0.4916666666666667 0
1682519440685 0.47933333333333333 0
1682519441579 0.48033333333333345 0
1682519442465 0.47266666666666673 0
1682519443351 0.4766666666666666 0
1682519444238 0.4741666666666667 0
1682519445121 0.4795 0
1682519446019 0.4915 0
1682519446906 0.474 0
1682519447794 0.4746666666666666 0
1682519448677 0.47816666666666663 0
1682519449559 0.47 0
1682519450444 0.4761666666666666 0
1682519451328 0.47333333333333333 0
1682519452210 0.47333333333333333 0
