1682519426625 0.3775 0
1682519427559 0.45449999999999996 0
1682519428482 0.4658333333333333 0
1682519429398 0.48900000000000005 0
1682519430287 0.5048333333333334 0
1682519431188 0.5231666666666667 0
1682519432098 0.48583333333333334 0
1682519433011 0.48700000000000004 0
1682519433891 0.4761666666666666 0
1682519434772 0.5003333333333333 0
1682519435659 0.47816666666666663 0
1682519436551 0.4911666666666667 0
1682519437441 0.47400000000000003 0
1682519438320 0.47866666666666663 0
1682519439230 0.4745 0
1682519440126 0.48100000000000004 0
1682519441050 0.482 0
1682519441935 0.48 0
1682519442822 0.48166666666666663 0
1682519443708 0.48699999999999993 0
1682519444594 0.4808333333333333 0
1682519445479 0.4803333333333333 0
1682519446378 0.4891666666666666 0
1682519447264 0.4796666666666667 0
1682519448150 0.4703333333333333 0
1682519449032 0.47633333333333333 0
1682519449915 0.4756666666666667 0
1682519450799 0.47366666666666674 0
1682519451682 0.4730000000000001 0
1682519452566 0.4756666666666667 0
