1682048095287 0.0 0
1682048095336 -0.09996874630451202 1
1682048095383 -0.19997254014015198 2
1682048095440 -0.3000510334968567 3
1682048095499 -0.4002642333507538 4
1682048095545 -0.5006951093673706 5
1682048095594 -0.6014413237571716 6
1682048095650 -0.7026054859161377 7
1682048095705 -0.8042924404144287 8
1682048095752 -0.9065886735916138 9
1682048095802 -1.0095549821853638 10
1682048095861 -1.1132595539093018 11
1682048095908 -1.2177845239639282 12
1682048095952 -1.3232243061065674 13
1682048095997 -1.4296833276748657 14
1682048096042 -1.5372731685638428 15
1682048096085 -1.646108865737915 16
1682048096125 -1.7563012838363647 17
1682048096166 -1.8679475784301758 18
1682048096205 -1.9811162948608398 19
1682048096254 -2.095829486846924 20
1682048096297 -2.212043046951294 21
1682048096347 -2.329625129699707 22
1682048096404 -2.448338270187378 23
1682048096450 -2.5678272247314453 24
1682048096495 -2.687617301940918 25
1682048096540 -2.8071253299713135 26
1682048096584 -2.925685405731201 27
1682048096626 -3.042586088180542 28
1682048096667 -3.1571133136749268 29
1682048096707 -3.268592596054077 30
1682048096747 -3.376425266265869 31
1682048096789 -3.4801127910614014 32
1682048096837 -3.5792694091796875 33
1682048096880 -3.673624038696289 34
1682048096923 -3.7630131244659424 35
1682048096965 -3.8473689556121826 36
1682048097007 -3.9267051219940186 37
1682048097055 -4.001101016998291 38
1682048097102 -4.070687294006348 39
1682048097151 -4.1356329917907715 40
1682048097199 -4.196134090423584 41
1682048097247 -4.252405166625977 42
1682048097290 -4.304670333862305 43
1682048097332 -4.353159427642822 44
1682048097373 -4.398101329803467 45
1682048097413 -4.439722061157227 46
1682048097452 -4.478240966796875 47
1682048097492 -4.513869762420654 48
1682048097532 -4.546811103820801 49
1682048097564 -4.5772576332092285 49
