1682048095271 0.0 0
1682048095324 0.09999817609786987 1
1682048095369 0.20007354021072388 2
1682048095422 0.300298810005188 3
1682048095481 0.4007582664489746 4
1682048095532 0.5015443563461304 5
1682048095578 0.602757453918457 6
1682048095632 0.7045066356658936 7
1682048095686 0.8069060444831848 8
1682048095738 0.9100617170333862 9
1682048095785 1.014061689376831 10
1682048095843 1.1189818382263184 11
1682048095894 1.224888563156128 12
1682048095940 1.3318397998809814 13
1682048095984 1.4398858547210693 14
1682048096028 1.5490686893463135 15
1682048096072 1.6594202518463135 16
1682048096113 1.7709590196609497 17
1682048096154 1.8836853504180908 18
1682048096194 1.9975742101669312 19
1682048096239 2.1125669479370117 20
1682048096285 2.228560209274292 21
1682048096331 2.3453962802886963 22
1682048096388 2.4628522396087646 23
1682048096437 2.5806312561035156 24
1682048096482 2.698362112045288 25
1682048096527 2.815601348876953 26
1682048096571 2.9318437576293945 27
1682048096614 3.0465445518493652 28
1682048096655 3.1591408252716064 29
1682048096695 3.2690837383270264 30
1682048096735 3.3758606910705566 31
1682048096775 3.479020833969116 32
1682048096825 3.5781843662261963 33
1682048096867 3.673058271408081 34
1682048096911 3.763437032699585 35
1682048096952 3.8491971492767334 36
1682048096995 3.9302895069122314 37
1682048097040 4.006729602813721 38
1682048097089 4.078587055206299 39
1682048097136 4.1459760665893555 40
1682048097184 4.209042549133301 41
1682048097233 4.267956733703613 42
1682048097278 4.322907447814941 43
1682048097320 4.374093055725098 44
1682048097361 4.421718597412109 45
1682048097401 4.465991020202637 46
1682048097441 4.507113933563232 47
1682048097480 4.545287609100342 48
1682048097520 4.5807061195373535 49
1682048097552 4.613555908203125 49
