1682048095274 0.0 0
1682048095326 0.09999576210975647 1
1682048095371 0.20012347400188446 2
1682048095426 0.3004612326622009 3
1682048095484 0.40107545256614685 4
1682048095535 0.5020180940628052 5
1682048095580 0.6033204197883606 6
1682048095636 0.7049804329872131 7
1682048095690 0.8069468140602112 8
1682048095741 0.9091163873672485 9
1682048095788 1.0113577842712402 10
1682048095847 1.1135146617889404 11
1682048095897 1.2154080867767334 12
1682048095942 1.3168379068374634 13
1682048095987 1.4175808429718018 14
1682048096031 1.5173907279968262 15
1682048096075 1.6159950494766235 16
1682048096115 1.7130948305130005 17
1682048096156 1.8083648681640625 18
1682048096196 1.9014629125595093 19
1682048096242 1.9920356273651123 20
1682048096287 2.079725503921509 21
1682048096334 2.1642019748687744 22
1682048096392 2.2451672554016113 23
1682048096440 2.3223540782928467 24
1682048096484 2.3955841064453125 25
1682048096529 2.464738130569458 26
1682048096574 2.529738426208496 27
1682048096617 2.5905990600585938 28
1682048096658 2.647357702255249 29
1682048096698 2.700148582458496 30
1682048096738 2.7491133213043213 31
1682048096778 2.794445037841797 32
1682048096827 2.836291790008545 33
1682048096870 2.8748414516448975 34
1682048096913 2.910315990447998 35
1682048096955 2.9429261684417725 36
1682048096997 2.97287654876709 37
1682048097043 3.00036358833313 38
1682048097091 3.0255649089813232 39
1682048097139 3.0486695766448975 40
1682048097187 3.069838523864746 41
1682048097236 3.0892081260681152 42
1682048097280 3.106926918029785 43
1682048097322 3.1231236457824707 44
1682048097363 3.1379294395446777 45
1682048097403 3.151463270187378 46
1682048097443 3.163829803466797 47
1682048097483 3.1751317977905273 48
1682048097522 3.18546199798584 49
1682048097555 3.1949028968811035 49
