1682048095268 0.0 0
1682048095321 0.09999581426382065 1
1682048095366 0.19989024102687836 2
1682048095419 0.29962533712387085 3
1682048095478 0.39912810921669006 4
1682048095530 0.49829545617103577 5
1682048095575 0.597062885761261 6
1682048095629 0.6955099105834961 7
1682048095683 0.7938811779022217 8
1682048095736 0.8925365805625916 9
1682048095782 0.9918056130409241 10
1682048095839 1.0919221639633179 11
1682048095891 1.1930607557296753 12
1682048095937 1.2953664064407349 13
1682048095982 1.3989715576171875 14
1682048096026 1.5040029287338257 15
1682048096070 1.6105812788009644 16
1682048096111 1.7188163995742798 17
1682048096151 1.8287968635559082 18
1682048096191 1.9405758380889893 19
1682048096236 2.0541536808013916 20
1682048096282 2.1694583892822266 21
1682048096327 2.2863259315490723 22
1682048096384 2.404481887817383 23
1682048096434 2.523531675338745 24
1682048096479 2.6429591178894043 25
1682048096524 2.762141227722168 26
1682048096568 2.8803746700286865 27
1682048096612 2.996917486190796 28
1682048096653 3.1110329627990723 29
1682048096693 3.2220358848571777 30
1682048096733 3.3293261528015137 31
1682048096773 3.432413339614868 32
1682048096822 3.5309247970581055 33
1682048096865 3.6246073246002197 34
1682048096908 3.713318347930908 35
1682048096950 3.7970101833343506 36
1682048096992 3.8757143020629883 37
1682048097037 3.9495255947113037 38
1682048097086 4.0185866355896 39
1682048097132 4.083076000213623 40
1682048097181 4.143196105957031 41
1682048097231 4.199164390563965 42
1682048097276 4.251206874847412 43
1682048097317 4.2995524406433105 44
1682048097358 4.344428539276123 45
1682048097399 4.386058807373047 46
1682048097438 4.424659729003906 47
1682048097478 4.4604387283325195 48
1682048097518 4.493594646453857 49
1682048097550 4.52431583404541 49
