1682048086221 78.88241153293185 1
1682048086811 79.6336407131619 2
1682048087401 79.90768093532986 3
1682048087993 80.02459462483723 4
1682048088573 80.11148240831163 5
1682048089117 80.1129379272461 6
1682048089698 80.11331346299913 7
1682048090313 80.11343383789062 8
1682048090907 80.11346944173177 9
1682048091534 80.11348470052083 10
1682048092150 80.11349317762587 11
1682048092726 80.11349487304688 12
1682048093318 80.1135025024414 13
1682048093949 80.11350335015192 14
1682048094600 80.1135016547309 15
1682048098182 80.11349995930989 16
