1681687280371 0.36471615454047196 0
1681687280551 0.3773432619007242 0
1681687280740 0.3845487556208274 0
1681687280925 0.3887297550778681 0
1681687281112 0.39094138630906283 0
1681687281296 0.39191174728825834 0
1681687281476 0.3921424273268691 0
1681687281671 0.3919362037184271 0
1681687281850 0.3914683515156118 0
1681687282025 0.39084163062699906 0
1681687282203 0.39011818250232233 0
1681687282392 0.3893366342532132 0
1681687282579 0.38852169869587055 0
1681687282767 0.3876894786066354 0
1681687282950 0.386850648957976 0
1681687283133 0.3860123565653465 0
1681687283313 0.3851794151770994 0
1681687283493 0.38435501881874856 0
1681687283670 0.3835413267471508 0
1681687283848 0.38273971240505966 0
1681687284027 0.38195098164290614 0
1681687284206 0.38117557820224535 0
1681687284384 0.3804136823468395 0
1681687284561 0.3796652502320186 0
1681687284738 0.378930168228759 0
1681687284916 0.37820781613922316 0
1681687285094 0.37749810233672393 0
1681687285271 0.3768005180456858 0
1681687285456 0.37611451508489113 0
1681687285650 0.37543985538801866 0
