1681687280358 715.0 0
1681687280539 735.0 0
1681687280728 731.0 0
1681687280913 733.0 0
1681687281100 734.0 0
1681687281284 734.0 0
1681687281465 733.0 0
1681687281660 733.0 0
1681687281839 733.0 0
1681687282014 731.0 0
1681687282191 731.0 0
1681687282380 731.0 0
1681687282567 728.0 0
1681687282755 728.0 0
1681687282939 728.0 0
1681687283121 728.0 0
1681687283301 728.0 0
1681687283481 728.0 0
1681687283659 728.0 0
1681687283837 728.0 0
1681687284015 728.0 0
1681687284195 728.0 0
1681687284373 728.0 0
1681687284550 728.0 0
1681687284727 728.0 0
1681687284904 728.0 0
1681687285083 728.0 0
1681687285260 728.0 0
1681687285443 728.0 0
1681687285637 728.0 0
