1681663795174 2639.451919555664 0
1681663829929 2621.456512451172 0
1681664109700 3171.3690032958984 0
1681664125160 3018.0879974365234 0
1681664246326 3140.588333129883 0
1681664256588 3152.899154663086 0
1681664276490 3178.2383422851562 0
1681664593925 3138.482696533203 0
1681664605844 3151.9876098632812 0
1681664635099 3151.9859924316406 0
1681664663277 3148.196075439453 0
1681664680081 3117.2037506103516 0
1681664683141 3150.9420776367188 0
1681664699799 3137.725570678711 0
1681664719487 3155.986114501953 0
1681664733338 3084.735595703125 0
1681666109864 3169.927932739258 0
1681666132451 3182.0208892822266 0
1681666183733 3139.1939086914062 0
1681666210172 3178.3132934570312 0
1681666210763 3016.000213623047 0
1681666211385 2970.675323486328 0
