1682049789854 0.0 0
1682049789897 -0.9996874928474426 1
1682049790422 -1.8281137943267822 2
1682049790487 -2.624382495880127 3
1682049790536 -3.497438430786133 4
1682049790582 -4.324883460998535 5
1682049790625 -5.057758331298828 6
1682049790666 -5.701940059661865 7
1682049790712 -6.270819187164307 8
1682049790752 -6.776108741760254 9
1682049790793 -7.2271552085876465 10
1682049790833 -7.63140869140625 11
1682049790874 -7.994899749755859 12
1682049790914 -8.322592735290527 13
1682049790954 -8.61863899230957 14
1682049790997 -8.886554718017578 15
1682049791053 -9.129354476928711 16
1682049791096 -9.349645614624023 17
1682049791137 -9.549702644348145 18
1682049791178 -9.731523513793945 19
1682049791218 -9.896872520446777 20
1682049791258 -10.047317504882812 21
1682049791313 -10.184256553649902 22
1682049791360 -10.308941841125488 23
1682049791406 -10.42249584197998 24
1682049791456 -10.525931358337402 25
1682049791527 -10.620162010192871 26
1682049791572 -10.706013679504395 27
1682049791618 -10.784235000610352 28
1682049791663 -10.855504989624023 29
1682049791729 -10.920439720153809 30
1682049791769 -10.979599952697754 31
1682049791809 -11.033495903015137 32
1682049791848 -11.082592010498047 33
1682049791952 -11.127311706542969 34
1682049791994 -11.168041229248047 35
1682049792033 -11.205131530761719 36
1682049792073 -11.238903999328613 37
1682049792112 -11.269651412963867 38
1682049792152 -11.297640800476074 39
1682049792191 -11.323116302490234 40
1682049792231 -11.34630012512207 41
1682049792271 -11.367395401000977 42
1682049792311 -11.386587142944336 43
1682049792350 -11.404045104980469 44
1682049792390 -11.419922828674316 45
1682049792430 -11.434361457824707 46
1682049792469 -11.447489738464355 47
1682049792509 -11.45942497253418 48
1682049792552 -11.470273971557617 49
1682049792590 -11.480134010314941 49
