1682049789851 0.0 0
1682049789894 0.9996254444122314 1
1682049789936 1.751137375831604 2
1682049790484 2.471027374267578 3
1682049790533 3.283921718597412 4
1682049790580 4.14475154876709 5
1682049790622 4.976808071136475 6
1682049790663 5.7450456619262695 7
1682049790709 6.44176721572876 8
1682049790750 7.0699357986450195 9
1682049790791 7.635691165924072 10
1682049790831 8.14561653137207 11
1682049790871 8.605849266052246 12
1682049790912 9.0218505859375 13
1682049790952 9.398402214050293 14
1682049790994 9.739675521850586 15
1682049791051 10.049314498901367 16
1682049791094 10.330513954162598 17
1682049791135 10.586087226867676 18
1682049791175 10.818521499633789 19
1682049791216 11.030025482177734 20
1682049791256 11.222569465637207 21
1682049791310 11.39791488647461 22
1682049791357 11.557642936706543 23
1682049791403 11.70317554473877 24
1682049791454 11.835795402526855 25
1682049791524 11.95666217803955 26
1682049791570 12.066825866699219 27
1682049791615 12.167237281799316 28
1682049791660 12.25876235961914 29
1682049791727 12.342185974121094 30
1682049791766 12.418222427368164 31
1682049791807 12.487523078918457 32
1682049791846 12.550680160522461 33
1682049791950 12.608235359191895 34
1682049791992 12.660679817199707 35
1682049792031 12.708464622497559 36
1682049792071 12.751996994018555 37
1682049792110 12.79165267944336 38
1682049792150 12.827773094177246 39
1682049792189 12.860671043395996 40
1682049792229 12.890630722045898 41
1682049792269 12.917912483215332 42
1682049792308 12.942752838134766 43
1682049792348 12.965368270874023 44
1682049792388 12.985957145690918 45
1682049792428 13.004700660705566 46
1682049792467 13.021761894226074 47
1682049792507 13.037291526794434 48
1682049792549 13.051426887512207 49
1682049792587 13.064292907714844 49
