1682049789834 97.08769226074219 0
1682049789879 97.09293365478516 1
1682049789921 97.12189483642578 2
1682049790468 97.18170928955078 3
1682049790518 97.23697662353516 4
1682049790564 97.26545715332031 5
1682049790607 97.27729797363281 6
1682049790648 97.2821044921875 7
1682049790695 97.28414154052734 8
1682049790735 97.28506469726562 9
1682049790776 97.28551483154297 10
1682049790816 97.2857437133789 11
1682049790857 97.2858657836914 12
1682049790897 97.28594207763672 13
1682049790937 97.28598022460938 14
1682049790979 97.2860107421875 15
1682049791036 97.28602600097656 16
1682049791078 97.28604125976562 17
1682049791119 97.28604888916016 18
1682049791160 97.28605651855469 19
1682049791201 97.28605651855469 20
1682049791241 97.28606414794922 21
1682049791287 97.28606414794922 22
1682049791340 97.28606414794922 23
1682049791386 97.28606414794922 24
1682049791435 97.28606414794922 25
1682049791496 97.28607177734375 26
1682049791552 97.28607177734375 27
1682049791598 97.28607177734375 28
1682049791643 97.28607177734375 29
1682049791689 97.28607177734375 30
1682049791751 97.28607177734375 31
1682049791792 97.28607177734375 32
1682049791831 97.28607177734375 33
1682049791870 97.28607177734375 34
1682049791977 97.28607177734375 35
1682049792017 97.28607177734375 36
1682049792056 97.28607177734375 37
1682049792095 97.28607177734375 38
1682049792135 97.28607177734375 39
1682049792174 97.28607177734375 40
1682049792214 97.28607177734375 41
1682049792254 97.28607177734375 42
1682049792294 97.28607177734375 43
1682049792333 97.28607177734375 44
1682049792373 97.28607177734375 45
1682049792413 97.28607177734375 46
1682049792452 97.28607177734375 47
1682049792492 97.28607177734375 48
1682049792533 97.28607177734375 49
1682049792570 97.28607177734375 49
