1682049789859 0.0 0
1682049789903 0.9997025728225708 1
1682049790428 1.750901699066162 2
1682049790493 2.471698045730591 3
1682049790540 3.290804386138916 4
1682049790588 4.136441230773926 5
1682049790629 4.92708683013916 6
1682049790670 5.641620635986328 7
1682049790717 6.282081604003906 8
1682049790757 6.855867385864258 9
1682049790798 7.370802879333496 10
1682049790838 7.833950042724609 11
1682049790878 8.251422882080078 12
1682049790919 8.628458976745605 13
1682049790959 8.969549179077148 14
1682049791015 9.278562545776367 15
1682049791058 9.558854103088379 16
1682049791101 9.813348770141602 17
1682049791142 10.044614791870117 18
1682049791182 10.25491714477539 19
1682049791223 10.446263313293457 20
1682049791263 10.620443344116211 21
1682049791320 10.779054641723633 22
1682049791365 10.923531532287598 23
1682049791411 11.05516242980957 24
1682049791462 11.17510986328125 25
1682049791532 11.284423828125 26
1682049791577 11.384055137634277 27
1682049791622 11.474864959716797 28
1682049791668 11.557636260986328 29
1682049791733 11.633079528808594 30
1682049791774 11.701842308044434 31
1682049791813 11.76451301574707 32
1682049791852 11.821627616882324 33
1682049791957 11.873675346374512 34
1682049791999 11.921101570129395 35
1682049792038 11.964313507080078 36
1682049792077 12.003681182861328 37
1682049792117 12.039542198181152 38
1682049792156 12.0722074508667 39
1682049792196 12.101958274841309 40
1682049792236 12.12905216217041 41
1682049792275 12.153724670410156 42
1682049792316 12.176190376281738 43
1682049792355 12.19664478302002 44
1682049792395 12.215266227722168 45
1682049792435 12.232218742370605 46
1682049792474 12.247650146484375 47
1682049792513 12.261696815490723 48
1682049792557 12.274482727050781 49
1682049792596 12.286121368408203 49
