1681153159639 2646.280059814453 0
1681153159907 2476.446762084961 0
1681153160077 2434.3651428222656 0
1681153160245 2407.6233673095703 0
1681153160414 2388.628219604492 0
1681153160583 2374.235092163086 0
1681153160775 2362.8480377197266 0
1681153160960 2353.5550842285156 0
1681153161140 2345.789077758789 0
1681153161311 2339.177215576172 0
1681153161494 2333.4619903564453 0
1681153161676 2328.4583587646484 0
1681153161860 2324.030975341797 0
1681153162043 2320.076858520508 0
1681153162227 2316.517120361328 0
1681153162400 2313.2898864746094 0
1681153162571 2310.3460083007812 0
1681153162738 2307.6452026367188 0
1681153162909 2305.1552124023438 0
1681153163093 2302.849639892578 0
1681153163275 2300.705856323242 0
1681153163459 2298.7053985595703 0
1681153163627 2296.8324279785156 0
1681153163795 2295.073532104492 0
1681153163963 2293.4171142578125 0
1681153164130 2291.8531951904297 0
1681153164298 2290.373504638672 0
1681153164467 2288.9698944091797 0
1681153164638 2287.636260986328 0
1681153164804 2286.3667602539062 0
