1682042381247 78.88241153293185 1
1682042381905 79.6336407131619 2
1682042382538 79.90768093532986 3
1682042383197 80.02459462483723 4
1682042383786 80.11148240831163 5
1682042384390 80.1129379272461 6
1682042385035 80.11331346299913 7
1682042385686 80.11343383789062 8
1682042386366 80.11346944173177 9
1682042387027 80.11348470052083 10
1682042387655 80.11349317762587 11
1682042388271 80.11349487304688 12
1682042388844 80.1135025024414 13
1682042389437 80.11350335015192 14
1682042390019 80.1135016547309 15
