1682042402588 78.88241153293185 1
1682042403200 79.6336407131619 2
1682042403778 79.90768093532986 3
1682042404361 80.02459462483723 4
1682042404958 80.11148240831163 5
1682042405539 80.1129379272461 6
1682042406137 80.11331346299913 7
1682042406731 80.11343383789062 8
1682042407369 80.11346944173177 9
1682042407966 80.11348470052083 10
1682042408503 80.11349317762587 11
1682042409042 80.11349487304688 12
1682042409639 80.1135025024414 13
1682042410261 80.11350335015192 14
1682042410867 80.1135016547309 15
1682042412045 80.11349995930989 16
