1681696300114 0.24544684897783423 0
1681696300287 0.25217371435956865 0
1681696300462 0.2568038514296912 0
1681696300637 0.26395676296920484 0
1681696300823 0.2739655009479818 0
1681696301008 0.2850782532502275 0
1681696301188 0.29537857820899127 0
1681696301376 0.30402690734753035 0
1681696301562 0.31100523871999103 0
1681696301745 0.3165797443171171 0
1681696301938 0.3210422425338898 0
1681696302116 0.32463689891635783 0
1681696302293 0.32755270989373303 0
1681696302472 0.32993298096342183 0
1681696302661 0.3318862041401249 0
1681696302847 0.3334953136251153 0
1681696303030 0.3348242560270167 0
1681696303208 0.33592302512034955 0
1681696303390 0.3368312210387727 0
1681696303569 0.33758048437069177 0
1681696303748 0.33819626473522013 0
1681696303926 0.33869957707920234 0
1681696304104 0.3391074927549268 0
1681696304283 0.33943418560673366 0
1681696304461 0.3396917166685053 0
1681696304639 0.33989002873280116 0
1681696304818 0.3400375969293432 0
1681696304996 0.34014158755147067 0
1681696305175 0.3402081885768069 0
1681696305353 0.3402426068290293 0
1681696305532 0.3402494132094801 0
1681696305709 0.34023267843821625 0
1681696305898 0.3401953941929631 0
1681696306077 0.34014048651938844 0
1681696306253 0.3400708491998157 0
1681696306430 0.3399884916637935 0
1681696306608 0.33989531834552333 0
1681696306785 0.3397933429353599 0
1681696306965 0.339682944913766 0
1681696307143 0.3395664147970551 0
