1682520134055 0.30618598958428656 0
1682520134944 0.3642138718439403 0
1682520135841 0.383862980886368 0
1682520136731 0.3883924618422324 0
1682520137619 0.38756664666486573 0
1682520138509 0.3855492780837063 0
1682520139396 0.3836142599479075 0
1682520140279 0.3818088360482613 0
1682520141163 0.37997388147423206 0
1682520142045 0.37807471794666403 0
1682520142931 0.37616145184382976 0
1682520143814 0.3742939942454374 0
1682520144699 0.3725157000462459 0
1682520145582 0.3708526831924571 0
1682520146468 0.36931799907171153 0
1682520147350 0.36791515220797333 0
1682520148234 0.3666410478007518 0
1682520149115 0.36548837417010627 0
1682520149995 0.3644475864639488 0
1682520150891 0.3635082269859241 0
1682520151795 0.3626598065258646 0
1682520152683 0.36189245718212615 0
1682520153577 0.36119696946268764 0
1682520154468 0.3605651138594411 0
1682520155356 0.3599894841982425 0
1682520156258 0.35946346977368804 0
1682520157142 0.35898122677948063 0
1682520158021 0.35853767874384734 0
1682520158901 0.3581282864513491 0
1682520159781 0.3577490900167588 0
