1682520133292 2640.677520751953 0
1682520134209 2534.664810180664 0
1682520135107 2502.639938354492 0
1682520135995 2481.451187133789 0
1682520136884 2466.695114135742 0
1682520137773 2455.924758911133 0
1682520138663 2447.8273162841797 0
1682520139549 2441.6307067871094 0
1682520140431 2436.841323852539 0
1682520141315 2433.1089935302734 0
1682520142200 2430.166976928711 0
1682520143083 2427.812469482422 0
1682520143968 2425.8973693847656 0
1682520144850 2424.314682006836 0
1682520145733 2422.988571166992 0
1682520146619 2421.863525390625 0
1682520147502 2420.8992919921875 0
1682520148385 2420.0658111572266 0
1682520149265 2419.3401641845703 0
1682520150150 2418.7047424316406 0
1682520151049 2418.1453704833984 0
1682520151947 2417.6500396728516 0
1682520152839 2417.2098693847656 0
1682520153730 2416.816650390625 0
1682520154621 2416.4641723632812 0
1682520155526 2416.1470336914062 0
1682520156410 2415.8601684570312 0
1682520157293 2415.6004028320312 0
1682520158172 2415.3638763427734 0
1682520159052 2415.1483306884766 0
