1682520133673 0.37866666666666665 0
1682520134567 0.40716666666666673 0
1682520135466 0.4059999999999999 0
1682520136356 0.3973333333333333 0
1682520137243 0.41533333333333333 0
1682520138132 0.437 0
1682520139021 0.4005 0
1682520139905 0.4175 0
1682520140788 0.40850000000000003 0
1682520141671 0.42383333333333334 0
1682520142556 0.42483333333333323 0
1682520143440 0.42 0
1682520144325 0.4365000000000001 0
1682520145209 0.42733333333333334 0
1682520146091 0.413 0
1682520146975 0.4251666666666667 0
1682520147859 0.4146666666666667 0
1682520148742 0.41816666666666674 0
1682520149622 0.4211666666666667 0
1682520150514 0.4295 0
1682520151419 0.42383333333333334 0
1682520152308 0.4013333333333333 0
1682520153203 0.4241666666666666 0
1682520154092 0.4175 0
1682520154980 0.41733333333333333 0
1682520155884 0.41650000000000004 0
1682520156766 0.4073333333333333 0
1682520157648 0.40549999999999997 0
1682520158528 0.414 0
1682520159408 0.399 0
