1682520134033 0.3825 0
1682520134925 0.40066666666666667 0
1682520135823 0.39916666666666667 0
1682520136712 0.38966666666666666 0
1682520137601 0.40666666666666673 0
1682520138491 0.43366666666666664 0
1682520139378 0.41516666666666663 0
1682520140261 0.4008333333333333 0
1682520141145 0.41183333333333333 0
1682520142027 0.4098333333333333 0
1682520142912 0.42216666666666663 0
1682520143795 0.4263333333333333 0
1682520144681 0.4433333333333333 0
1682520145564 0.4051666666666666 0
1682520146450 0.42500000000000004 0
1682520147332 0.4276666666666667 0
1682520148216 0.4186666666666667 0
1682520149097 0.4326666666666667 0
1682520149977 0.42933333333333334 0
1682520150873 0.4098333333333333 0
1682520151777 0.41533333333333333 0
1682520152664 0.40499999999999997 0
1682520153558 0.4163333333333333 0
1682520154449 0.4086666666666667 0
1682520155338 0.4041666666666666 0
1682520156240 0.4031666666666667 0
1682520157124 0.4056666666666667 0
1682520158003 0.417 0
1682520158882 0.41100000000000003 0
1682520159763 0.4086666666666667 0
