1682044553609 0.0 0
1682044553650 0.009997026063501835 1
1682044553690 0.013221442699432373 2
1682044553730 0.011171145364642143 3
1682044553770 0.007494261022657156 4
1682044553810 0.004469429142773151 5
1682044553851 0.0036356067284941673 6
1682044553891 0.0048873210325837135 7
1682044553930 0.007327137514948845 8
1682044553970 0.009931459091603756 9
1682044554014 0.011712238192558289 10
1682044554054 0.012115112505853176 11
1682044554094 0.011243063025176525 12
1682044554133 0.009609172120690346 13
1682044554173 0.007890187203884125 14
1682044554212 0.006740432698279619 15
1682044554252 0.006541035603731871 16
1682044554292 0.007262337487190962 17
1682044554331 0.008553062565624714 18
1682044554371 0.009898301213979721 19
1682044554410 0.010789833962917328 20
1682044554450 0.010922707617282867 21
1682044554490 0.010307089425623417 22
1682044554529 0.009224241599440575 23
1682044554569 0.008102625608444214 24
1682044554609 0.007362498436123133 25
1682044554649 0.007250429131090641 26
1682044554689 0.007748524192720652 27
1682044554728 0.00860708300024271 28
1682044554768 0.0094559071585536 29
1682044554807 0.009951230138540268 30
1682044554847 0.009916584007441998 31
1682044554887 0.009406465105712414 32
1682044554926 0.008665370754897594 33
1682044554967 0.008017139509320259 34
1682044555006 0.007726484909653664 35
1682044555045 0.007886411622166634 36
1682044555085 0.008388739079236984 37
1682044555124 0.008984660729765892 38
1682044555164 0.009400185197591782 39
1682044555204 0.009459654800593853 40
1682044555244 0.009160300716757774 41
1682044555283 0.008661866188049316 42
1682044555334 0.00820381473749876 43
1682044555373 0.007990654557943344 44
1682044555413 0.008097650483250618 45
1682044555453 0.008443755097687244 46
1682044555492 0.00884109828621149 47
1682044555532 0.009092001244425774 48
1682044555571 0.009086137637495995 49
1682044555613 0.008849217556416988 50
1682044555653 0.00852051842957735 51
1682044555692 0.00827543530613184 52
1682044555731 0.008234227076172829 53
1682044555771 0.008404115214943886 54
1682044555811 0.00868362095206976 55
1682044555850 0.008922788314521313 56
1682044555889 0.009004823863506317 57
1682044555929 0.008905206806957722 58
1682044555969 0.00869759451597929 59
1682044556008 0.008506791666150093 60
1682044556047 0.008437467738986015 61
1682044556087 0.008518673479557037 62
1682044556126 0.008693860843777657 63
1682044556166 0.008858920074999332 64
1682044556205 0.008923882618546486 65
1682044556244 0.00886230543255806 66
1682044556284 0.0087211262434721 67
1682044556323 0.008588108234107494 68
1682044556363 0.00853839609771967 69
1682044556402 0.008592301979660988 70
1682044556442 0.008708063513040543 71
1682044556484 0.00881133507937193 72
1682044556528 0.008841510862112045 73
1682044556570 0.0087863989174366 74
1682044556614 0.008685429580509663 75
1682044556656 0.008601772598922253 76
1682044556698 0.008582350797951221 77
1682044556739 0.008630789816379547 78
1682044556779 0.008708848617970943 79
1682044556819 0.008763403631746769 80
1682044556862 0.008760562166571617 81
1682044556905 0.008705256506800652 82
1682044556948 0.008635097183287144 83
1682044556989 0.008594184182584286 84
1682044557030 0.00860476866364479 85
1682044557073 0.00865486916154623 86
1682044557115 0.008708680048584938 87
1682044557156 0.008731532841920853 88
1682044557197 0.00871225818991661 89
1682044557237 0.008668612688779831 90
1682044557278 0.008633293211460114 91
1682044557318 0.008631053380668163 92
1682044557357 0.008662679232656956 93
1682044557396 0.008706111460924149 94
1682044557436 0.00873288232833147 95
1682044557475 0.008727801963686943 96
1682044557516 0.008698305115103722 97
1682044557557 0.008667666465044022 98
1682044557601 0.00865773856639862 99
1682044557640 0.008673837408423424 99
