1682044544946 78.88241153293185 1
1682044545535 79.6336407131619 2
1682044546137 79.90768093532986 3
1682044546740 80.02459462483723 4
1682044547343 80.11148240831163 5
1682044547918 80.1129379272461 6
1682044548455 80.11331346299913 7
1682044549043 80.11343383789062 8
1682044549648 80.11346944173177 9
1682044550186 80.11348470052083 10
1682044550723 80.11349317762587 11
1682044551277 80.11349487304688 12
1682044551848 80.1135025024414 13
1682044552456 80.11350335015192 14
1682044553038 80.1135016547309 15
1682044558226 80.11349995930989 16
