1681696352790 0.3526315789473684 0
1681696352964 0.37456140350877193 0
1681696353138 0.37543859649122807 0
1681696353314 0.37543859649122807 0
1681696353488 0.3780701754385965 0
1681696353663 0.37894736842105264 0
1681696353838 0.3815789473684211 0
1681696354017 0.3815789473684211 0
1681696354200 0.38333333333333336 0
1681696354381 0.38333333333333336 0
1681696354559 0.3850877192982456 0
1681696354735 0.3850877192982456 0
1681696354911 0.3850877192982456 0
1681696355088 0.3850877192982456 0
1681696355269 0.3850877192982456 0
1681696355446 0.387719298245614 0
1681696355623 0.38333333333333336 0
1681696355800 0.3815789473684211 0
1681696355977 0.3815789473684211 0
1681696356156 0.3815789473684211 0
1681696356333 0.3798245614035088 0
1681696356510 0.3798245614035088 0
1681696356687 0.3798245614035088 0
1681696356867 0.3798245614035088 0
1681696357047 0.3798245614035088 0
1681696357232 0.3798245614035088 0
1681696357419 0.3798245614035088 0
1681696357602 0.3798245614035088 0
1681696357778 0.37719298245614036 0
1681696357955 0.37719298245614036 0
1681696358131 0.37719298245614036 0
1681696358309 0.3798245614035088 0
1681696358486 0.3798245614035088 0
1681696358663 0.3798245614035088 0
1681696358839 0.3798245614035088 0
1681696359016 0.3798245614035088 0
1681696359193 0.3798245614035088 0
1681696359370 0.3798245614035088 0
1681696359550 0.3798245614035088 0
1681696359731 0.3798245614035088 0
