1682457221885 0.32153356502857977 0
1682457222788 0.38235584351513957 0
1682457223716 0.41233510670703677 0
1682457224638 0.42792383515537524 0
1682457225571 0.43408965211882455 0
1682457226487 0.4333602076536697 0
1682457227393 0.4294492722477417 0
1682457228325 0.42447637503308844 0
1682457229244 0.4193050057140708 0
1682457230177 0.4143094995865294 0
1682457231086 0.40965921096800484 0
1682457231984 0.40542193739624144 0
1682457232876 0.40160997193669634 0
1682457233778 0.3982043415425164 0
1682457234665 0.3951690990610141 0
1682457235554 0.3924609076317348 0
1682457236463 0.39003615156211546 0
1682457237350 0.3878559037336237 0
1682457238236 0.3858878583592037 0
1682457239156 0.3841062190842993 0
1682457240078 0.38249026387248053 0
1682457240989 0.3810226888765763 0
1682457241909 0.37968819846154245 0
1682457242872 0.3784729871816792 0
1682457243816 0.37736413951788206 0
1682457244753 0.37634966393093505 0
1682457245634 0.37541852981359036 0
1682457246633 0.3745607039807505 0
1682457247668 0.3737672379538788 0
1682457248654 0.37303014322851663 0
1682457249605 0.37234248549795446 0
1682457250575 0.3716983113468523 0
1682457251545 0.37109243052176055 0
1682457252421 0.3705204288502866 0
1682457253344 0.36997854184382706 0
1682457254290 0.3694635707984063 0
1682457255230 0.36897279627243595 0
1682457256201 0.3685039075071019 0
1682457257090 0.368054939560366 0
1682457258044 0.36762421204345697 0
1682457258997 0.3672102882906482 0
1682457259871 0.3668119371534247 0
1682457260748 0.36642809181438885 0
1682457261628 0.3660578224251407 0
1682457262529 0.3657003228873529 0
1682457263494 0.3653548791245422 0
1682457264435 0.365020858806297 0
1682457265316 0.3646977610584726 0
1682457266210 0.3643848843828047 0
1682457267131 0.3640820230930353 0
1682457268073 0.36378856241606883 0
1682457269050 0.3635042017602579 0
1682457270019 0.3632284427940389 0
1682457270932 0.3629611469834483 0
1682457271862 0.3627019084040652 0
1682457272792 0.3624504303813133 0
1682457273756 0.3622064264950119 0
1682457274675 0.3619696274533839 0
1682457275565 0.3617397698418727 0
1682457276491 0.361516691946155 0
