1682457221476 0.37966666666666665 0
1682457222410 0.40399999999999997 0
1682457223324 0.42366666666666664 0
1682457224242 0.48433333333333334 0
1682457225180 0.5073333333333333 0
1682457226098 0.5291666666666666 0
1682457227013 0.514 0
1682457227926 0.5228333333333334 0
1682457228855 0.5278333333333333 0
1682457229795 0.5151666666666667 0
1682457230707 0.5256666666666667 0
1682457231604 0.5019999999999999 0
1682457232498 0.49333333333333335 0
1682457233389 0.5001666666666668 0
1682457234290 0.5031666666666667 0
1682457235177 0.48933333333333334 0
1682457236068 0.48199999999999993 0
1682457236974 0.4638333333333333 0
1682457237861 0.47700000000000004 0
1682457238766 0.4681666666666668 0
1682457239701 0.46316666666666667 0
1682457240597 0.4736666666666667 0
1682457241512 0.45283333333333337 0
1682457242470 0.4611666666666667 0
1682457243414 0.4535 0
1682457244370 0.4653333333333334 0
1682457245257 0.4624999999999999 0
1682457246181 0.455 0
1682457247223 0.46316666666666667 0
1682457248237 0.45083333333333336 0
1682457249194 0.4576666666666667 0
1682457250158 0.4446666666666666 0
1682457251143 0.4563333333333333 0
1682457252047 0.45999999999999996 0
1682457252946 0.47283333333333327 0
1682457253888 0.4346666666666666 0
1682457254831 0.42383333333333334 0
1682457255789 0.42183333333333334 0
1682457256705 0.41733333333333333 0
1682457257639 0.42 0
1682457258603 0.43149999999999994 0
1682457259500 0.425 0
1682457260375 0.42533333333333334 0
1682457261255 0.4263333333333333 0
1682457262130 0.44016666666666665 0
1682457263088 0.41783333333333333 0
1682457264063 0.4255 0
1682457264937 0.4211666666666667 0
1682457265819 0.428 0
1682457266738 0.41933333333333334 0
1682457267669 0.4183333333333333 0
1682457268651 0.4283333333333334 0
1682457269592 0.4326666666666667 0
1682457270545 0.42133333333333334 0
1682457271472 0.4236666666666667 0
1682457272401 0.43383333333333335 0
1682457273345 0.42250000000000004 0
1682457274283 0.43366666666666664 0
1682457275189 0.43050000000000005 0
1682457276106 0.424 0
