1681762954405 2611.112747192383 0
1681762954595 2476.1106872558594 0
1681762954777 2436.75341796875 0
1681762954967 2410.604705810547 0
1681762955156 2391.7411041259766 0
1681762955352 2377.3805236816406 0
1681762955548 2365.9908905029297 0
1681762955749 2356.672821044922 0
1681762955941 2348.8646545410156 0
1681762956134 2342.1973419189453 0
1681762956322 2336.4160919189453 0
1681762956509 2331.339401245117 0
1681762956698 2326.832992553711 0
1681762956888 2322.796646118164 0
1681762957078 2319.1522521972656 0
1681762957267 2315.8387451171875 0
1681762957458 2312.808547973633 0
1681762957645 2310.0220794677734 0
1681762957830 2307.4479370117188 0
1681762958017 2305.060028076172 0
1681762958204 2302.836929321289 0
1681762958391 2300.7599182128906 0
1681762958576 2298.8141479492188 0
1681762958764 2296.9864349365234 0
1681762958961 2295.264907836914 0
1681762959155 2293.640640258789 0
1681762959347 2292.1046752929688 0
1681762959537 2290.6497802734375 0
1681762959733 2289.2689819335938 0
1681762959918 2287.9566192626953 0
1681762960100 2286.7078552246094 0
1681762960283 2285.5171813964844 0
1681762960474 2284.3811950683594 0
1681762960655 2283.2958221435547 0
1681762960836 2282.257369995117 0
1681762961018 2281.262969970703 0
1681762961200 2280.3096771240234 0
1681762961382 2279.3948974609375 0
1681762961567 2278.5162963867188 0
1681762961762 2277.671417236328 0
