1682048199271 0.0 0
1682048199313 -0.9992837905883789 1
1682048199353 -1.8251923322677612 2
1682048199392 -2.646716356277466 3
1682048199432 -3.5164904594421387 4
1682048199472 -4.295581817626953 5
1682048199521 -4.972057342529297 6
1682048199568 -5.56337833404541 7
1682048199618 -6.084733963012695 8
1682048199674 -6.547569751739502 9
1682048199721 -6.9606404304504395 10
1682048199765 -7.3308281898498535 11
1682048199809 -7.663675785064697 12
1682048199854 -7.963737487792969 13
1682048199896 -8.234817504882812 14
1682048199936 -8.480137825012207 15
1682048199976 -8.702459335327148 16
1682048200016 -8.904170036315918 17
1682048200057 -9.087352752685547 18
1682048200096 -9.253836631774902 19
1682048200136 -9.405238151550293 20
1682048200176 -9.54299259185791 21
1682048200216 -9.668379783630371 22
1682048200255 -9.782546043395996 23
1682048200295 -9.886520385742188 24
1682048200336 -9.981229782104492 25
1682048200385 -10.067510604858398 26
1682048200430 -10.146119117736816 27
1682048200489 -10.217741012573242 28
1682048200544 -10.282997131347656 29
1682048200588 -10.342453002929688 30
1682048200632 -10.396621704101562 31
1682048200676 -10.445969581604004 32
1682048200720 -10.490922927856445 33
1682048200760 -10.531868934631348 34
1682048200800 -10.569161415100098 35
1682048200840 -10.603121757507324 36
1682048200879 -10.63404369354248 37
1682048200919 -10.662196159362793 38
1682048200959 -10.687823295593262 39
1682048200999 -10.711148262023926 40
1682048201039 -10.732375144958496 41
1682048201078 -10.751689910888672 42
1682048201118 -10.769262313842773 43
1682048201157 -10.785246849060059 44
1682048201197 -10.799784660339355 45
1682048201236 -10.813004493713379 46
1682048201276 -10.825024604797363 47
1682048201326 -10.835952758789062 48
1682048201371 -10.845885276794434 49
1682048201411 -10.854912757873535 49
