1682048190284 78.88241153293185 1
1682048190905 79.6336407131619 2
1682048191591 79.90768093532986 3
1682048192183 80.02459462483723 4
1682048192767 80.11148240831163 5
1682048193348 80.1129379272461 6
1682048193913 80.11331346299913 7
1682048194481 80.11343383789062 8
1682048195070 80.11346944173177 9
1682048195667 80.11348470052083 10
1682048196266 80.11349317762587 11
1682048196857 80.11349487304688 12
1682048197447 80.1135025024414 13
1682048198015 80.11350335015192 14
1682048198640 80.1135016547309 15
1682048202005 80.11349995930989 16
