1681696474418 2596.532516479492 0
1681696474594 2483.8972930908203 0
1681696474771 2437.728042602539 0
1681696474945 2409.427932739258 0
1681696475122 2389.853286743164 0
1681696475299 2375.2998046875 0
1681696475477 2363.9374389648438 0
1681696475663 2354.748321533203 0
1681696475847 2347.115020751953 0
1681696476029 2340.6398315429688 0
1681696476209 2335.0535278320312 0
1681696476402 2330.1663970947266 0
1681696476583 2325.8407592773438 0
1681696476768 2321.9741973876953 0
1681696476963 2318.4879608154297 0
1681696477144 2315.321517944336 0
1681696477322 2312.4269104003906 0
1681696477501 2309.765869140625 0
1681696477677 2307.306625366211 0
1681696477856 2305.023971557617 0
1681696478033 2302.896697998047 0
1681696478212 2300.906509399414 0
1681696478390 2299.0393981933594 0
1681696478569 2297.281997680664 0
1681696478746 2295.623306274414 0
1681696478924 2294.0543518066406 0
1681696479100 2292.566879272461 0
1681696479278 2291.153793334961 0
1681696479457 2289.8084564208984 0
1681696479634 2288.526092529297 0
1681696479811 2287.3016967773438 0
1681696479988 2286.1305541992188 0
1681696480166 2285.0093383789062 0
1681696480342 2283.9343872070312 0
1681696480519 2282.902572631836 0
1681696480695 2281.911087036133 0
1681696480872 2280.95751953125 0
1681696481048 2280.0398559570312 0
1681696481226 2279.155242919922 0
1681696481404 2278.3023681640625 0
