1681696474431 0.393859649122807 0
1681696474611 0.3956140350877193 0
1681696474783 0.3868421052631579 0
1681696474958 0.38859649122807016 0
1681696475134 0.38421052631578945 0
1681696475311 0.3868421052631579 0
1681696475490 0.3780701754385965 0
1681696475676 0.3780701754385965 0
1681696475859 0.3780701754385965 0
1681696476041 0.3763157894736842 0
1681696476221 0.3763157894736842 0
1681696476416 0.3763157894736842 0
1681696476595 0.37456140350877193 0
1681696476782 0.37456140350877193 0
1681696476976 0.37456140350877193 0
1681696477157 0.37456140350877193 0
1681696477334 0.3719298245614035 0
1681696477513 0.3684210526315789 0
1681696477690 0.3684210526315789 0
1681696477868 0.3684210526315789 0
1681696478046 0.3684210526315789 0
1681696478224 0.3684210526315789 0
1681696478404 0.3684210526315789 0
1681696478581 0.3684210526315789 0
1681696478759 0.3684210526315789 0
1681696478936 0.3684210526315789 0
1681696479113 0.3684210526315789 0
1681696479291 0.3684210526315789 0
1681696479469 0.3684210526315789 0
1681696479646 0.3684210526315789 0
1681696479824 0.3684210526315789 0
1681696480001 0.3684210526315789 0
1681696480178 0.3684210526315789 0
1681696480354 0.3684210526315789 0
1681696480531 0.3684210526315789 0
1681696480707 0.3684210526315789 0
1681696480884 0.36929824561403507 0
1681696481061 0.36929824561403507 0
1681696481239 0.36929824561403507 0
1681696481417 0.36929824561403507 0
