1681181822658 2592.0858154296875 0
1681181822960 2477.218307495117 0
1681181823145 2434.792007446289 0
1681181823330 2408.427001953125 0
1681181823499 2389.8018188476562 0
1681181823670 2375.6878204345703 0
1681181823840 2364.49755859375 0
1681181824015 2355.337936401367 0
1681181824203 2347.660202026367 0
1681181824378 2341.1031646728516 0
1681181824554 2335.4195556640625 0
1681181824740 2330.4312591552734 0
1681181824917 2326.007781982422 0
1681181825085 2322.050033569336 0
1681181825267 2318.4820861816406 0
1681181825448 2315.2437744140625 0
1681181825621 2312.2867279052734 0
1681181825791 2309.5726013183594 0
1681181825963 2307.0695190429688 0
1681181826135 2304.7510528564453 0
1681181826308 2302.595474243164 0
1681181826476 2300.5843353271484 0
1681181826648 2298.7015380859375 0
1681181826818 2296.934127807617 0
1681181826990 2295.2704467773438 0
1681181827161 2293.700454711914 0
1681181827334 2292.2151489257812 0
1681181827505 2290.807601928711 0
1681181827678 2289.470733642578 0
1681181827847 2288.1984100341797 0
