1682465492994 0.364206742503639 0
1682465493935 0.3982154850166738 0
1682465494873 0.40931562583795905 0
1682465495809 0.4121116008827046 0
1682465496763 0.4113861886064233 0
1682465497769 0.4091520344795827 0
1682465498748 0.4063786639971476 0
1682465499697 0.40354134608812126 0
1682465500651 0.40085301254965616 0
1682465501657 0.39838886045451494 0
1682465502650 0.3961565360785676 0
1682465503646 0.3941339237444768 0
1682465504661 0.3922884733563892 0
1682465505667 0.3905866417765625 0
1682465506663 0.3889980232979672 0
1682465507658 0.38749701255365737 0
1682465508613 0.38606323235582074 0
1682465509513 0.3846814941511463 0
1682465510487 0.3833414905346094 0
1682465511451 0.38203726956688644 0
1682465512421 0.38076643778248664 0
1682465513329 0.3795291585121452 0
1682465514302 0.37832702228545756 0
1682465515206 0.37716217972982524 0
1682465516109 0.3760366852867158 0
1682465517080 0.37495238968518774 0
1682465518080 0.3739108430349265 0
1682465519059 0.37291381190373507 0
1682465520030 0.37196326877167873 0
1682465520988 0.37106142097517614 0
