1682465492218 2599.8426361083984 0
1682465493177 2502.656463623047 0
1682465494115 2479.143768310547 0
1682465495051 2465.1097412109375 0
1682465495993 2455.7430572509766 0
1682465496954 2449.0470428466797 0
1682465497952 2444.0430755615234 0
1682465498925 2440.1967010498047 0
1682465499884 2437.1831817626953 0
1682465500852 2434.785430908203 0
1682465501854 2432.8504333496094 0
1682465502842 2431.266891479492 0
1682465503836 2429.9530029296875 0
1682465504872 2428.848373413086 0
1682465505860 2427.907470703125 0
1682465506856 2427.095657348633 0
1682465507845 2426.386520385742 0
1682465508785 2425.7596740722656 0
1682465509688 2425.1988677978516 0
1682465510660 2424.6914672851562 0
1682465511625 2424.2276763916016 0
1682465512597 2423.7994689941406 0
1682465513505 2423.4008178710938 0
1682465514476 2423.026611328125 0
1682465515379 2422.673095703125 0
1682465516281 2422.337142944336 0
1682465517299 2422.0172271728516 0
1682465518276 2421.712158203125 0
1682465519234 2421.421875 0
1682465520207 2421.1463928222656 0
