1682465492972 0.43533333333333335 0
1682465493915 0.428 0
1682465494853 0.4196666666666667 0
1682465495789 0.42216666666666675 0
1682465496743 0.43049999999999994 0
1682465497749 0.41616666666666674 0
1682465498727 0.4073333333333334 0
1682465499676 0.41700000000000004 0
1682465500631 0.416 0
1682465501636 0.4120000000000001 0
1682465502629 0.41016666666666673 0
1682465503625 0.4096666666666666 0
1682465504640 0.428 0
1682465505645 0.41050000000000003 0
1682465506638 0.4068333333333333 0
1682465507638 0.4306666666666667 0
1682465508593 0.42900000000000005 0
1682465509494 0.4438333333333333 0
1682465510468 0.4351666666666667 0
1682465511431 0.4461666666666666 0
1682465512400 0.4483333333333334 0
1682465513310 0.4475 0
1682465514282 0.4286666666666667 0
1682465515186 0.4343333333333334 0
1682465516089 0.43900000000000006 0
1682465517060 0.44116666666666665 0
1682465518056 0.4286666666666667 0
1682465519039 0.4366666666666667 0
1682465520009 0.4321666666666666 0
1682465520969 0.42383333333333334 0
